     0/299     1.86G   0.06869   0.01491   0.05934    0.1429        12       480    0.0146    0.1029   0.01248 6.512e-05         0   0.07996   0.01588   0.06628
     1/299     2.29G    0.0542   0.01132   0.04545     0.111        11       480   0.04692    0.3579   0.07322    0.0123 0.0006127    0.0745    0.0149   0.06335
     2/299     2.64G   0.04369   0.00903   0.03656   0.08928        12       480    0.1629    0.3843    0.2102    0.1073   0.01803   0.09145   0.01347   0.06697
     3/299     2.64G   0.04039  0.007675   0.02782   0.07588        12       480    0.5444    0.1811    0.2308   0.07256  0.001162   0.07244   0.01395   0.06838
     4/299     2.64G   0.03701  0.007301   0.02341   0.06772        12       480     0.361    0.3734    0.2736    0.1778  0.009931   0.06745   0.01489   0.07003
     5/299     2.64G   0.03245  0.007131   0.02143   0.06102        12       480    0.2097    0.5323    0.3082    0.2273   0.02316   0.06391   0.01539   0.06762
     6/299     2.64G   0.02942  0.006937   0.01971   0.05607        12       480    0.2489    0.4832    0.3647    0.3386   0.06937   0.06318   0.01447   0.06827
     7/299     2.64G   0.02759  0.006598   0.01842   0.05261        12       480    0.6752    0.4504    0.3891    0.3399   0.02018   0.06532   0.01351   0.06684
     8/299     2.64G   0.02683  0.006097   0.01751   0.05043        12       480    0.2919    0.5416    0.3951    0.3748     0.116   0.06431   0.01332   0.06638
     9/299     2.64G   0.02501  0.006043   0.01635   0.04741        12       480    0.3584    0.6923    0.4906    0.4602    0.1754   0.05952   0.01398   0.06635
    10/299     2.64G   0.02556  0.005907   0.01524   0.04671        12       480     0.469    0.6301    0.5516    0.5315   0.05376   0.06287   0.01321   0.07036
    11/299     2.64G   0.02407  0.005749   0.01517   0.04499        12       480    0.3725    0.7041    0.5273    0.5242     0.206   0.08831   0.01284   0.06055
    12/299     2.64G   0.02425  0.005697   0.01472   0.04467        12       480    0.4246    0.7135    0.6026    0.5996    0.4532     0.087   0.01192   0.05828
    13/299     2.64G   0.02113  0.005359   0.01217   0.03866        12       480    0.5136    0.7387    0.6853    0.6224    0.2275   0.09159   0.01137   0.06231
    14/299     2.64G   0.01995  0.005183   0.01109   0.03622        12       480    0.6216     0.716    0.6901    0.6897    0.4735   0.08548   0.01206   0.06001
    15/299     2.64G    0.0193  0.005059   0.00942   0.03378        12       480     0.515    0.7492     0.691     0.691    0.5164   0.08832   0.01135    0.0663
    16/299     2.64G   0.01873  0.004877  0.008916   0.03252        12       480    0.5436     0.795    0.6613    0.6502    0.4803   0.08515   0.01159   0.06127
    17/299     2.64G     0.018   0.00478   0.00854   0.03132        12       480    0.5813    0.5992    0.6378    0.6301    0.5573    0.0853   0.01279   0.05969
    18/299     2.64G   0.01813  0.004728  0.008084   0.03094        12       480    0.4885    0.7308    0.6107    0.6049    0.4528   0.08659   0.01132   0.05435
    19/299     2.64G   0.01866  0.004615  0.008098   0.03137        12       480    0.5995    0.7665     0.726    0.7222      0.63   0.08499   0.01097   0.05601
    20/299     2.64G   0.01687   0.00459   0.00696   0.02842        12       480    0.7662    0.6946    0.7118    0.7079     0.579   0.08407   0.01202    0.0582
    21/299     2.64G   0.01549  0.004565  0.007334   0.02739        12       480    0.6046    0.7033     0.676    0.6685    0.5075   0.08338   0.01169   0.05538
    22/299     2.64G   0.01676  0.004501  0.006304   0.02757        12       480    0.7879    0.7516    0.7676    0.7524    0.6203   0.08507   0.01003   0.05475
    23/299     2.64G   0.01566   0.00425  0.004865   0.02477        12       480    0.6424    0.7488     0.708    0.7048    0.6032   0.08482   0.01085   0.05587
    24/299     2.64G   0.01431  0.004087  0.004073   0.02247        12       480    0.7541    0.7528    0.7921    0.7906    0.7126   0.08464   0.01018   0.05238
    25/299     2.64G   0.01372  0.003948  0.003709   0.02138        12       480    0.7731    0.7419    0.7614    0.7555    0.7052   0.08214    0.0109   0.05002
    26/299     2.64G   0.01471  0.003993   0.00412   0.02282        12       480    0.5735    0.6732    0.6368    0.6353    0.5347   0.08303   0.01186   0.05355
    27/299     2.64G   0.01368  0.003872  0.003626   0.02118        12       480    0.7196    0.7532    0.7525    0.7487    0.7066   0.08454  0.009928   0.05324
    28/299     2.64G   0.01334  0.003803  0.003566   0.02071        12       480    0.7907    0.7096    0.7856    0.7743    0.7193   0.08425  0.009553   0.05508
    29/299     2.64G   0.01301  0.003792   0.00377   0.02058        12       480     0.709    0.7718    0.7843    0.7714    0.7275   0.08224  0.009872   0.05519
    30/299     2.64G   0.01234  0.003843  0.004308   0.02049        12       480    0.7081    0.7764    0.7662    0.7662    0.7171   0.08098  0.009773   0.05505
    31/299     2.64G   0.01289  0.003788  0.003643   0.02032        12       480    0.8302    0.7873    0.8166    0.7949    0.7771   0.08117   0.01063   0.05209
    32/299     2.64G   0.01285  0.003837  0.004092   0.02078        12       480    0.7483    0.7641     0.775     0.771    0.7253   0.08037   0.01098   0.05404
    33/299     2.64G   0.01185  0.003684  0.003134   0.01867        12       480    0.8073    0.7673    0.8183    0.8173    0.7907   0.07963   0.01034   0.05223
    34/299     2.64G   0.01223  0.003629  0.003052   0.01891        12       480    0.7859    0.7756    0.8174    0.8159    0.7747   0.08153   0.01038   0.05114
    35/299     2.64G   0.01347   0.00353   0.00322   0.02022        12       480     0.783     0.769    0.8184    0.8184    0.7484   0.08055   0.01069   0.05264
    36/299     2.64G   0.01178  0.003463  0.002571   0.01781        12       480    0.6845    0.8745     0.799    0.7974    0.7573   0.08057   0.01087   0.05468
    37/299     2.64G   0.01255  0.003526  0.002684   0.01876        12       480    0.8141    0.7706    0.8139    0.8102    0.7393   0.08036   0.01174   0.06349
    38/299     2.64G   0.01182  0.003539  0.002438    0.0178        12       480    0.8278    0.7428    0.8166    0.8132    0.7714   0.07777   0.01097   0.06234
    39/299     2.64G   0.01246  0.003602  0.005943     0.022        12       480    0.7827    0.8063    0.8199    0.8073    0.7828   0.07935   0.01055   0.06579
    40/299     2.64G   0.01231  0.003571  0.002432   0.01831        12       480    0.7774    0.7822    0.8519    0.8459    0.7481   0.07737   0.01084   0.06171
    41/299     2.64G   0.01164  0.003513  0.002574   0.01773        12       480    0.7981    0.7333    0.8274    0.8259    0.8017   0.07249   0.01211   0.06034
    42/299     2.64G   0.01188  0.003494  0.002549   0.01792        12       480    0.8365    0.7958     0.835     0.835    0.8202   0.07336   0.01095   0.05644
    43/299     2.64G   0.01205  0.003391  0.002164    0.0176        12       480    0.8212     0.796     0.845    0.8418    0.8021   0.07415   0.01005   0.05772
    44/299     2.64G   0.01191   0.00341  0.002379   0.01769        12       480    0.8152    0.8362    0.8769    0.8769    0.7188   0.07588  0.009924    0.0577
    45/299     2.64G   0.01132  0.003331  0.001856    0.0165        12       480    0.7221    0.8368    0.8166    0.8155    0.7839   0.07455   0.01021   0.05923
    46/299     2.64G   0.01278  0.003446  0.004426   0.02065        12       480    0.7191    0.7365    0.7942    0.7927    0.7464   0.07855   0.01039   0.06835
    47/299     2.64G   0.01148  0.003648   0.00352   0.01864        12       480    0.7654     0.738    0.8062    0.8052     0.733   0.07533   0.01034   0.06054
    48/299     2.64G   0.01157  0.003536  0.003088   0.01819        12       480    0.8525    0.7235    0.8215    0.8211    0.7728   0.07645   0.01036   0.05667
    49/299     2.64G   0.01105  0.003361  0.002256   0.01666        12       480     0.751    0.8273    0.8392    0.8351    0.7996   0.07281   0.01102   0.05627
    50/299     2.64G   0.01077  0.003332  0.002273   0.01638        12       480    0.8229    0.7663    0.7985    0.7968    0.7791   0.07106    0.0114   0.05627
    51/299     2.64G   0.01058   0.00328  0.002142   0.01601        12       480    0.9154     0.729    0.8203    0.8167    0.7861   0.07179   0.01122   0.05829
    52/299     2.64G   0.01094  0.003209  0.001599   0.01574        12       480     0.803    0.7658     0.826    0.8254    0.8096   0.07152   0.01108   0.05733
    53/299     2.64G   0.01001  0.003104  0.001493   0.01461        12       480    0.8266    0.7858    0.8325    0.8325    0.8078    0.0715   0.01072   0.05747
    54/299     2.64G   0.01078  0.003151  0.001474    0.0154        12       480    0.8514     0.773    0.8092    0.8092    0.7766   0.07133   0.01164    0.0541
    55/299     2.64G   0.01008  0.003067  0.001617   0.01477        12       480     0.743    0.8455     0.808     0.808    0.7851   0.07194    0.0109   0.05633
    56/299     2.64G  0.009873    0.0031  0.001655   0.01463        12       480    0.7836    0.7506    0.8302    0.8196     0.805   0.07055   0.01141    0.0575
    57/299     2.64G   0.01027  0.003072  0.001187   0.01453        12       480    0.8294    0.7936    0.8357    0.8343     0.796   0.07057   0.01167   0.05711
    58/299     2.64G   0.01163  0.003047  0.004126    0.0188        12       480    0.8026    0.8367     0.825     0.825    0.7935   0.06981   0.01188    0.0615
    59/299     2.64G  0.009542  0.003016  0.001199   0.01376        12       480    0.8505    0.8014    0.8311    0.8311    0.8068   0.06921   0.01171   0.05582
    60/299     2.64G   0.01052  0.003101  0.001401   0.01502        12       480    0.7927    0.8266    0.8346    0.8249    0.7879   0.07161   0.01163   0.05317
    61/299     2.64G   0.01005  0.003045  0.001646   0.01474        12       480    0.7953    0.8179     0.827    0.8257    0.7824   0.07108   0.01115   0.05254
    62/299     2.64G  0.009834  0.002922  0.001285   0.01404        12       480    0.8288    0.8089    0.8244    0.8225    0.7652   0.07145   0.01144   0.05361
    63/299     2.64G  0.009515  0.002943  0.001309   0.01377        12       480    0.7954    0.8181    0.8377    0.8377    0.7938     0.071   0.01143   0.05347
    64/299     2.64G   0.01031  0.003014  0.001706   0.01503        12       480    0.7812    0.8509    0.8015    0.8015    0.7802   0.07002   0.01129   0.05084
    65/299     2.64G  0.008803   0.00287  0.001719   0.01339        11       480    0.8312    0.7887     0.827     0.827     0.793   0.07079   0.01112   0.05123
    66/299     2.64G   0.01098  0.003055  0.002988   0.01702        11       480    0.7548     0.808    0.8248    0.8199    0.7823   0.07045   0.01193    0.0516
    67/299     2.64G  0.009793  0.003004  0.001263   0.01406        11       480    0.7603     0.798    0.8084     0.798    0.7498   0.07056   0.01162   0.05156
    68/299     2.64G  0.009696  0.002998  0.001206    0.0139        12       480    0.7783     0.868    0.8309    0.8309    0.7565   0.06935    0.0119   0.05085
    69/299     2.64G  0.009375   0.00296  0.001235   0.01357        12       480    0.7803    0.8602    0.8486    0.8486    0.8164   0.06963   0.01158   0.05133
    70/299     2.64G  0.009249  0.002996  0.001602   0.01385        12       480    0.8156    0.8568    0.8684    0.8684    0.8359   0.06874    0.0118   0.04967
    71/299     2.64G  0.009128  0.002872  0.001293   0.01329        12       480    0.8211    0.8201    0.8428    0.8428     0.817   0.06951   0.01155   0.04979
    72/299     2.64G  0.009333  0.002984  0.001586    0.0139        12       480     0.793    0.8752     0.846    0.8445    0.7902   0.06923   0.01159   0.05067
    73/299     2.64G  0.009388  0.002969  0.001428   0.01378        12       480    0.7979    0.8174    0.8367    0.8353    0.8212   0.06887   0.01147   0.05189
    74/299     2.64G  0.009297  0.002913  0.001222   0.01343        12       480    0.7854    0.8971    0.8329    0.8329    0.7901   0.06879   0.01153   0.05053
    75/299     2.64G  0.008394   0.00275 0.0009711   0.01212        12       480    0.7977     0.865    0.8467    0.8467    0.8191   0.06916   0.01142   0.04988
    76/299     2.64G  0.008766  0.002755  0.000897   0.01242        12       480    0.8118    0.8279    0.8481    0.8481    0.8277    0.0694   0.01138    0.0498
    77/299     2.64G   0.00879  0.002828  0.001286    0.0129        12       480    0.8342    0.8282    0.8552    0.8552    0.7942   0.06905   0.01179    0.0495
    78/299     2.64G  0.008823  0.002886  0.001314   0.01302        12       480    0.8648    0.7583    0.8414    0.8399    0.8021   0.06914   0.01185   0.05084
    79/299     2.64G  0.008477  0.002822 0.0009003    0.0122        12       480    0.8438    0.7924    0.8523    0.8523    0.8232   0.06868   0.01187   0.05052
    80/299     2.64G   0.00987  0.002829  0.001321   0.01402        12       480    0.8434    0.7816    0.8592    0.8592    0.8471   0.07016   0.01161   0.05173
    81/299     2.64G  0.009597  0.002813  0.001657   0.01407        12       480    0.8082    0.8074    0.8207    0.8207       0.8   0.07021   0.01195   0.05833
    82/299     2.64G  0.009091   0.00284  0.001082   0.01301        12       480    0.7704    0.8183    0.8218    0.8218    0.7702   0.07151   0.01174     0.063
    83/299     2.64G  0.009649  0.003001  0.003243   0.01589        12       480    0.9082    0.7079    0.7807    0.7774    0.7264   0.07155   0.01308   0.06092
    84/299     2.64G  0.008769  0.002978   0.00176   0.01351        12       480    0.6881    0.8765    0.8158    0.8158    0.7566   0.07233   0.01164   0.05487
    85/299     2.64G  0.009027  0.002941  0.001559   0.01353        12       480    0.7135    0.8526    0.8177    0.8177    0.7908   0.07197   0.01192   0.05558
    86/299     2.64G  0.008939  0.002932  0.001453   0.01332        12       480    0.7775    0.8371    0.8164    0.8154    0.7747   0.07145   0.01175   0.05432
    87/299     2.64G  0.008077   0.00278  0.001462   0.01232        12       480     0.807    0.7505    0.8126    0.8126    0.7746   0.07155   0.01164    0.0562
    88/299     2.64G  0.009242  0.002931  0.001415   0.01359        12       480    0.8326    0.7868    0.8316    0.8316    0.8009   0.07117     0.012   0.05558
    89/299     2.64G  0.009945  0.003077  0.002441   0.01546        12       480    0.7955     0.773    0.7949    0.7886    0.7552   0.06973   0.01171   0.06374
    90/299     2.64G   0.01019  0.003254  0.001986   0.01543        12       480    0.7789    0.7359    0.7978    0.7978    0.7741   0.06944   0.01142   0.06337
    91/299     2.64G  0.008998  0.003191  0.002613    0.0148        12       480    0.7542    0.7365    0.7961    0.7953    0.7567   0.06991   0.01129   0.05976
    92/299     2.64G  0.009798  0.003206  0.003006   0.01601        12       480    0.7029    0.8414    0.8036    0.7954    0.7531   0.07041   0.01098   0.05826
    93/299     2.64G  0.008447  0.003132  0.002727   0.01431        12       480    0.8088    0.7835    0.8364    0.8364    0.7847   0.06963   0.01105   0.06041
    94/299     2.64G  0.008893  0.002992  0.002024   0.01391        12       480    0.7818    0.8246    0.8278    0.8278    0.7997   0.06959   0.01101    0.0583
    95/299     2.64G  0.008357  0.002876  0.001232   0.01247        12       480    0.7709    0.8292    0.8094     0.806    0.7836   0.06985   0.01133   0.05508
    96/299     2.64G   0.00905    0.0028  0.001041   0.01289        12       480    0.8316    0.8305    0.8584     0.857    0.8386   0.06982   0.01116   0.05384
    97/299     2.64G  0.008148  0.002766  0.001069   0.01198        12       480    0.7561    0.7957     0.839     0.839     0.825   0.07053   0.01067   0.05507
    98/299     2.64G  0.008393  0.002791  0.001178   0.01236        12       480    0.7492    0.8472    0.8366    0.8366    0.8111    0.0698   0.01135   0.05295
    99/299     2.64G   0.00873  0.002664 0.0009065    0.0123        12       480    0.7558    0.8531    0.8468    0.8468     0.823    0.0691   0.01145   0.05279
   100/299     2.64G   0.00936  0.002728  0.001026   0.01311        12       480      0.74    0.8315    0.8288    0.8273    0.7986   0.06962    0.0114   0.05659
   101/299     2.64G  0.007625  0.002628 0.0009702   0.01122        12       480    0.8615     0.711    0.8172    0.8172    0.7948   0.06982   0.01122   0.05566
   102/299     2.64G  0.008644  0.002691  0.001016   0.01235        12       480    0.7995    0.8405    0.8435    0.8435    0.8199   0.06999   0.01109   0.05542
   103/299     2.64G  0.008827  0.002606   0.00125   0.01268        12       480    0.7843    0.8814    0.8408    0.8408    0.8113   0.07094   0.01051   0.05899
   104/299     2.64G  0.008368  0.002667 0.0007724   0.01181        11       480    0.7894    0.7721    0.8342    0.8342    0.8203   0.07136   0.01043   0.06129
   105/299     2.64G  0.007476  0.002616 0.0009675   0.01106        12       480    0.7902    0.7793    0.8374    0.8374    0.8114   0.07193   0.01051   0.05963
   106/299     2.64G  0.007892  0.002607 0.0009402   0.01144        12       480    0.8467    0.7855    0.8319    0.8319    0.8146   0.07122    0.0105    0.0577
   107/299     2.64G  0.008356  0.002635  0.001166   0.01216        12       480     0.849    0.7254    0.7846    0.7846    0.7507    0.0717   0.01026   0.05953
   108/299     2.64G  0.007264  0.002508 0.0007824   0.01055        12       480    0.8599    0.8115    0.8739    0.8739     0.839   0.07126   0.01035    0.0548
   109/299     2.64G  0.007718  0.002558 0.0008787   0.01115        12       480    0.8278    0.8367    0.8497    0.8497    0.8129   0.07195   0.01026   0.05543
   110/299     2.64G  0.007347  0.002466 0.0007794   0.01059        12       480    0.8399    0.8012     0.846     0.846    0.8157    0.0711   0.01053   0.05506
   111/299     2.64G  0.007816  0.002497 0.0006744   0.01099        12       480     0.764    0.8844    0.8382    0.8382    0.8011   0.07123    0.0108    0.0547
   112/299     2.64G  0.007112  0.002443 0.0007524   0.01031        12       480    0.7947     0.826    0.8332    0.8332    0.8134   0.07095   0.01063   0.05639
   113/299     2.64G   0.00745  0.002456  0.000838   0.01074        12       480    0.8024    0.8275    0.8487    0.8487    0.8123   0.07147   0.01055   0.05608
   114/299     2.64G  0.007726  0.002502 0.0009057   0.01113        12       480    0.8222    0.8232    0.8505    0.8444    0.8275   0.07128   0.01071   0.05486
   115/299     2.64G  0.007142    0.0025  0.000798   0.01044        12       480    0.7658    0.8538    0.8452    0.8387    0.8226   0.07129    0.0107   0.05527
   116/299     2.64G  0.007274  0.002458 0.0007952   0.01053        12       480    0.7771    0.8438    0.8325    0.8302    0.8162   0.07049   0.01085   0.05535
   117/299     2.64G  0.007736  0.002356 0.0008806   0.01097        12       480    0.8164     0.812    0.8529    0.8529    0.8344   0.07002   0.01093   0.05456
   118/299     2.64G  0.007282  0.002451 0.0008455   0.01058        12       480    0.7492    0.8567    0.8494    0.8494    0.8275   0.07021   0.01078   0.05514
   119/299     2.64G  0.006893  0.002408 0.0008199   0.01012        12       480    0.7868    0.8122    0.8408    0.8408    0.8233   0.06992   0.01095   0.05431
   120/299     2.64G  0.007077  0.002447 0.0007954   0.01032        12       480    0.8393    0.8007    0.8384    0.8384    0.8064   0.07039   0.01087   0.05309
   121/299     2.64G  0.008192  0.002372  0.001916   0.01248        12       480    0.7945    0.7973     0.823     0.823    0.8116    0.0712   0.01072   0.05284
   122/299     2.64G  0.008308  0.002483  0.003045   0.01384        12       480    0.8136    0.8372    0.8522    0.8522    0.8361   0.07094   0.01139   0.05226
   123/299     2.64G   0.00692  0.002412 0.0005037  0.009835        12       480    0.8534    0.8239    0.8616    0.8616    0.8395   0.07058   0.01091   0.05419
   124/299     2.64G  0.007088  0.002429 0.0006589   0.01018        12       480    0.8971    0.7985    0.8602    0.8602    0.8435   0.07115   0.01062   0.05596
   125/299     2.64G  0.007052  0.002469 0.0008015   0.01032        12       480    0.8238    0.8419    0.8641    0.8641    0.8405   0.07148   0.01054   0.05725
   126/299     2.64G  0.007175   0.00251 0.0007735   0.01046        12       480    0.7868    0.8637    0.8638    0.8638    0.8438   0.07072   0.01071   0.05786
   127/299     2.64G  0.006969  0.002403 0.0008109   0.01018        12       480    0.7676    0.8632     0.857     0.857    0.8462   0.07207   0.01011   0.05694
   128/299     2.64G  0.007072  0.002479 0.0007101   0.01026        12       480    0.7696    0.8434    0.8427    0.8427    0.8356   0.07176   0.01018   0.05604
   129/299     2.64G  0.006789  0.002396 0.0007786  0.009964        12       480    0.8035    0.8655    0.8509    0.8509    0.8311   0.07156   0.01044    0.0565
   130/299     2.64G  0.006981   0.00244 0.0007754    0.0102        12       480    0.8264    0.8261     0.835     0.835    0.8253    0.0716   0.01048   0.05813
   131/299     2.64G  0.006984  0.002392 0.0006034   0.00998        12       480    0.8388     0.781    0.8463    0.8463    0.8189   0.07142   0.01054    0.0576
   132/299     2.64G   0.00774  0.002358 0.0008331   0.01093        12       480    0.8288    0.7684    0.8438    0.8438    0.8298   0.07074   0.01054     0.056
   133/299     2.64G  0.006915  0.002423 0.0007115   0.01005        12       480    0.7322    0.8315    0.8426    0.8426    0.8152   0.07107   0.01039    0.0579
   134/299     2.64G  0.006868  0.002382 0.0007215  0.009972        12       480    0.7268    0.8982    0.8483    0.8483    0.8242   0.07097    0.0107   0.05796
   135/299     2.64G  0.006718  0.002473 0.0007625  0.009953        12       480    0.7874    0.8331     0.851     0.851    0.8225   0.07059   0.01091   0.05822
   136/299     2.64G  0.006969  0.002411 0.0008667   0.01025        12       480    0.8324    0.7925    0.8554    0.8554    0.8166   0.07063   0.01084   0.05831
   137/299     2.64G  0.006607  0.002385 0.0006879  0.009679        12       480    0.8281    0.8219    0.8603    0.8603    0.8053   0.07143    0.0108   0.05602
   138/299     2.64G  0.007033  0.002369 0.0006169   0.01002        12       480    0.8437    0.8162    0.8625    0.8625     0.815    0.0717   0.01072   0.05506
   139/299     2.64G  0.006736  0.002381 0.0007739  0.009891        12       480    0.8769    0.8017    0.8542    0.8542    0.8203   0.07162   0.01096   0.05528
   140/299     2.64G  0.007664   0.00245 0.0009178   0.01103        12       480    0.7707    0.8806    0.8477    0.8477    0.8035   0.07157   0.01094   0.05668
   141/299     2.64G  0.006576  0.002423 0.0009905   0.00999        12       480    0.7519    0.8574    0.8559    0.8441    0.8002   0.07193   0.01102   0.05689
   142/299     2.64G  0.007896  0.002546  0.001321   0.01176        12       480    0.7918    0.8422     0.857     0.857    0.7977   0.07082   0.01136   0.05742
   143/299     2.64G  0.007749  0.002555  0.001388   0.01169        12       480    0.8008    0.8359    0.8372    0.8372    0.7785   0.07089   0.01116   0.05652
   144/299     2.64G   0.00831  0.002606   0.00153   0.01245        12       480    0.7918      0.81    0.8484    0.8484    0.8016   0.07081   0.01097    0.0563
   145/299     2.64G  0.007737  0.002643 0.0007017   0.01108        11       480    0.7595    0.8211     0.851     0.851     0.794   0.07149   0.01073    0.0557
   146/299     2.64G  0.007831  0.002723 0.0008885   0.01144        12       480    0.8235    0.8364    0.8715    0.8715    0.8134   0.07218   0.01035   0.05444
   147/299     2.64G  0.007944  0.002715 0.0007782   0.01144        12       480    0.7889    0.8547    0.8644    0.8644    0.8129   0.07196   0.01049   0.05503
   148/299     2.64G   0.00768  0.002728 0.0007115   0.01112        12       480    0.7659    0.8599    0.8554    0.8554    0.8031   0.07204   0.01043   0.05547
   149/299     2.64G  0.006842  0.002505 0.0009224   0.01027        12       480    0.8408    0.7896    0.8465    0.8465    0.7951   0.07167   0.01038   0.05507
   150/299     2.64G  0.006604  0.002507 0.0009153   0.01003        12       480    0.8335    0.7861    0.8455    0.8455    0.8103   0.07141   0.01036   0.05464
   151/299     2.64G  0.006149  0.002268 0.0005501  0.008967        12       480    0.7916      0.84    0.8618    0.8618     0.821   0.07134   0.01034   0.05423
   152/299     2.64G  0.006188  0.002339 0.0007714  0.009299        12       480     0.818    0.8583    0.8554    0.8554    0.8275    0.0717   0.01041   0.05508
   153/299     2.64G  0.006094  0.002242 0.0004867  0.008823        11       480    0.8751    0.8631    0.8613    0.8613    0.8328   0.07133   0.01046   0.05491
   154/299     2.64G  0.007997  0.002248  0.002195   0.01244        12       480    0.8185    0.8489    0.8621    0.8621    0.8271   0.07097   0.01073    0.0523
   155/299     2.64G  0.005753  0.002119 0.0007215  0.008593        12       480    0.8141    0.7859    0.8457    0.8457    0.8195   0.07101   0.01078   0.05177
   156/299     2.64G  0.006138  0.002204 0.0005533  0.008896        12       480    0.7762    0.7958     0.847     0.847    0.8155   0.07089   0.01082   0.05142
   157/299     2.64G  0.005896  0.002161 0.0005506  0.008608        12       480    0.7308    0.9406    0.8682    0.8682    0.8185   0.07055   0.01103    0.0524
   158/299     2.64G  0.005958  0.002176 0.0008317  0.008965        12       480    0.7268    0.9222    0.8675    0.8675    0.8174   0.07051   0.01087   0.05216
   159/299     2.64G  0.005845  0.002181 0.0006328  0.008659        12       480    0.7524    0.9126    0.8583    0.8583    0.8073   0.07073   0.01093   0.05167
   160/299     2.64G  0.006839  0.002144  0.001497   0.01048        12       480    0.7722    0.9028    0.8447    0.8447    0.8086   0.07075   0.01092   0.05069
   161/299     2.64G  0.005712   0.00222 0.0008685  0.008801        12       480    0.7856    0.8418    0.8462    0.8462    0.8142   0.07045   0.01108      0.05
   162/299     2.64G  0.006086  0.002146  0.000572  0.008804        12       480    0.7772    0.8532     0.833     0.833     0.821   0.07023   0.01141   0.04978
   163/299     2.64G  0.006022  0.002131   0.00053  0.008683        11       480    0.8202    0.8168    0.8472    0.8472     0.809    0.0699   0.01145   0.04977
   164/299     2.64G   0.00681  0.002135  0.001733   0.01068        12       480    0.8439    0.8352    0.8551    0.8551    0.8088   0.06978   0.01179   0.05012
   165/299     2.64G  0.005869  0.002208 0.0008805  0.008957        12       480    0.8555     0.773    0.8543    0.8543    0.8133   0.07016   0.01163   0.05035
   166/299     2.64G  0.005935  0.002174 0.0006924  0.008801        12       480    0.7993    0.8231    0.8537    0.8537    0.8107   0.06956   0.01187   0.05019
   167/299     2.64G   0.00674  0.002163 0.0007946  0.009698        12       480    0.8021    0.8142    0.8474    0.8474    0.8059   0.06938   0.01192      0.05
   168/299     2.64G  0.005983  0.002202 0.0008533  0.009038        12       480    0.8108    0.8121     0.842     0.842    0.7995    0.0694   0.01185   0.05008
   169/299     2.64G   0.00574  0.002191 0.0009228  0.008854        12       480    0.8847    0.7379    0.8273    0.8273    0.7889    0.0694   0.01157   0.04981
   170/299     2.64G   0.00592  0.002209  0.000687  0.008815        12       480    0.8312    0.7989     0.852     0.852    0.8194   0.06927   0.01176   0.05011
   171/299     2.64G  0.005823  0.002121 0.0006329  0.008576        12       480    0.8273    0.8021    0.8579    0.8579    0.8119   0.06909   0.01189   0.04953
   172/299     2.64G  0.005744  0.002141  0.000571  0.008456        12       480    0.7779    0.8128    0.8531    0.8531    0.8088   0.06888   0.01208   0.04988
   173/299     2.64G   0.00569  0.002175 0.0006643   0.00853        12       480    0.8338    0.7819    0.8491    0.8491    0.8055   0.06869   0.01196   0.05068
   174/299     2.64G  0.005694  0.002162 0.0004485  0.008304        12       480     0.825    0.7811    0.8521    0.8521    0.8073   0.06884   0.01173   0.05213
   175/299     2.64G  0.005546  0.002073 0.0007463  0.008365        12       480    0.8132    0.7971    0.8495    0.8495    0.8154   0.06907   0.01159   0.05268
   176/299     2.64G  0.005442  0.002098 0.0006261  0.008166        12       480    0.8183    0.8508    0.8586    0.8586    0.8243   0.06887   0.01183   0.05251
   177/299     2.64G  0.005573  0.002132  0.000692  0.008397        12       480     0.827    0.8449    0.8589    0.8589    0.8276   0.06832   0.01189   0.05127
   178/299     2.64G  0.005509   0.00205 0.0007352  0.008294        12       480    0.8429    0.8347    0.8647    0.8647     0.833   0.06827   0.01197   0.05033
   179/299     2.64G  0.005395   0.00206 0.0006529  0.008108        12       480    0.7845    0.8737    0.8651    0.8651    0.8358   0.06912   0.01186   0.05058
   180/299     2.64G  0.005314  0.002059 0.0007409  0.008114        12       480    0.8221    0.8128    0.8683    0.8683    0.8243   0.06922   0.01181   0.05094
   181/299     2.64G  0.005192  0.001985 0.0006699  0.007847        12       480    0.8216    0.8336    0.8712    0.8712    0.8247   0.06888    0.0119   0.05164
   182/299     2.64G  0.005287  0.001991 0.0007508  0.008029        12       480    0.8749    0.8056    0.8602    0.8602    0.8296   0.06854   0.01204    0.0519
   183/299     2.64G  0.005135  0.002053 0.0005756  0.007763        12       480    0.8651    0.7991    0.8571    0.8571    0.8276    0.0689   0.01189   0.05164
   184/299     2.64G  0.005329  0.002055 0.0007186  0.008102        12       480     0.805    0.8218    0.8602    0.8602    0.8253   0.06904   0.01179   0.05124
   185/299     2.64G  0.006055  0.002032 0.0008687  0.008956        12       480    0.7894    0.8216    0.8504    0.8504    0.8164   0.06963   0.01169   0.05158
   186/299     2.64G  0.005123  0.001982 0.0006205  0.007726        12       480     0.823    0.8023    0.8537    0.8537    0.8203   0.06917   0.01188   0.05092
   187/299     2.64G  0.005226  0.002059 0.0007278  0.008013        12       480    0.8472    0.8041    0.8552    0.8552    0.8137   0.06928   0.01183   0.05066
   188/299     2.64G   0.00508   0.00196 0.0005549  0.007594        12       480    0.8546     0.801    0.8479    0.8479     0.811   0.06908   0.01192   0.04997
   189/299     2.64G  0.005168  0.002053 0.0009841  0.008205        12       480    0.8616    0.7988    0.8589    0.8589    0.8186   0.06871   0.01203   0.04984
   190/299     2.64G  0.005178  0.002011 0.0006417  0.007831        12       480    0.8005    0.8033    0.8572    0.8572    0.8166   0.06855   0.01212   0.05004
   191/299     2.64G  0.004963  0.001911 0.0005755  0.007449        12       480    0.7627    0.8414    0.8552    0.8552    0.8132   0.06845   0.01223   0.04987
   192/299     2.64G  0.005045  0.002018 0.0009275   0.00799        12       480    0.8551    0.7289    0.8518    0.8518    0.8149    0.0685   0.01208   0.05056
   193/299     2.64G  0.004988  0.001958  0.000659  0.007605        12       480    0.8329    0.7587    0.8527    0.8527    0.8062   0.06849   0.01213   0.05075
   194/299     2.64G  0.005067  0.001967 0.0006633  0.007697        12       480     0.851    0.7679    0.8526    0.8526    0.8051   0.06923   0.01182     0.051
   195/299     2.64G  0.005876  0.001965  0.001079  0.008921        12       480    0.8308    0.7803    0.8445    0.8445    0.8059   0.06921   0.01181   0.05108
   196/299     2.64G  0.004886  0.001991 0.0008113  0.007688        12       480    0.8225    0.7917     0.843     0.843    0.8013   0.06878   0.01209   0.05087
   197/299     2.64G  0.004924  0.001916 0.0006266  0.007467        12       480    0.8047    0.7963    0.8438    0.8438    0.8036   0.06907   0.01195   0.05109
   198/299     2.64G  0.004984  0.001979 0.0009605  0.007924        12       480    0.8147    0.7804    0.8429    0.8429    0.8042   0.06945    0.0119   0.05049
   199/299     2.64G  0.004835  0.001893 0.0008292  0.007557        12       480    0.8301    0.8117    0.8513    0.8513    0.8103   0.06947   0.01196   0.05053
   200/299     2.64G  0.004797  0.001954 0.0008945  0.007646        12       480    0.8272    0.8087    0.8442    0.8442    0.8094   0.06927   0.01216   0.05092
   201/299     2.64G   0.00486  0.001944 0.0005125  0.007316        12       480    0.8533    0.7983    0.8349    0.8349    0.8033   0.06877   0.01224   0.05065
   202/299     2.64G  0.004801  0.001972 0.0007189  0.007492        12       480    0.8549    0.7984    0.8362    0.8362    0.8024   0.06878   0.01225   0.05094
   203/299     2.64G  0.004817  0.001917 0.0006877  0.007422        12       480    0.8391    0.8136    0.8468    0.8468    0.8091   0.06862   0.01231   0.05078
   204/299     2.64G  0.005762  0.001929 0.0004748  0.008166        12       480    0.7871     0.833    0.8463    0.8463    0.8099   0.06855   0.01231   0.05035
   205/299     2.64G  0.004755  0.001911 0.0005628  0.007229        12       480    0.7969    0.8228    0.8518    0.8518    0.8158   0.06866   0.01232   0.05022
   206/299     2.64G  0.004685  0.001871  0.000769  0.007325        11       480    0.8536    0.8038    0.8395    0.8395    0.8005   0.06908   0.01224   0.05024
   207/299     2.64G  0.004655  0.001933 0.0006745  0.007263        12       480     0.801    0.8493    0.8529    0.8529     0.812   0.06901    0.0123   0.05067
   208/299     2.64G   0.00461  0.001887 0.0006196  0.007117        12       480    0.8282    0.8046    0.8501    0.8501    0.8151   0.06898    0.0123   0.05011
   209/299     2.64G  0.004559  0.001844 0.0007715  0.007174        12       480    0.8358    0.8074    0.8514    0.8514    0.8099   0.06879    0.0124   0.04959
   210/299     2.64G  0.004596   0.00191 0.0008773  0.007383        12       480    0.7992    0.8216     0.837     0.837    0.7986   0.06893   0.01223   0.04997
   211/299     2.64G  0.004504  0.001903 0.0008888  0.007296        12       480    0.8446    0.7803    0.8388    0.8388    0.7979   0.06921   0.01203   0.05051
   212/299     2.64G  0.004557  0.001866 0.0007855  0.007208        12       480    0.8452    0.7915    0.8486    0.8486    0.8071   0.06937   0.01194   0.05064
   213/299     2.64G  0.004471  0.001884 0.0008237  0.007179        12       480    0.8517    0.8008    0.8492    0.8492    0.8118    0.0694   0.01196   0.05037
   214/299     2.64G  0.005454  0.001809  0.002453  0.009716        12       480    0.8513     0.793    0.8375    0.8375    0.8039   0.06898   0.01223   0.05027
   215/299     2.64G  0.004482  0.001873 0.0008166  0.007171        12       480    0.8409    0.8024    0.8387    0.8387    0.7945   0.06857   0.01242   0.05006
   216/299     2.64G  0.004516   0.00184 0.0007386  0.007095        12       480    0.8212     0.808    0.8535    0.8535    0.8087   0.06846   0.01229   0.04995
   217/299     2.64G   0.00448   0.00185  0.000829  0.007159        12       480    0.8227    0.8051    0.8386    0.8386    0.7983   0.06849   0.01218   0.04997
   218/299     2.64G  0.004479  0.001832 0.0006175  0.006929        12       480    0.8226     0.808    0.8424    0.8424    0.7972   0.06858   0.01214    0.0499
   219/299     2.64G  0.005372  0.001858  0.001027  0.008257        12       480    0.8241    0.8069    0.8617    0.8617    0.8115   0.06856   0.01218   0.04968
   220/299     2.64G  0.004482  0.001903 0.0008716  0.007257        12       480    0.8245    0.8109     0.863     0.863    0.8105   0.06933   0.01184   0.05013
   221/299     2.64G  0.005386  0.001814  0.001075  0.008276        12       480    0.8215    0.8026    0.8616    0.8616    0.8154   0.06955   0.01173   0.05017
   222/299     2.64G  0.004446  0.001803 0.0008077  0.007057        12       480     0.835    0.7986    0.8607    0.8607    0.8166     0.069   0.01203   0.04998
   223/299     2.64G  0.004448  0.001835 0.0005116  0.006795        12       480    0.8465    0.7922     0.859     0.859    0.8144   0.06824   0.01247   0.04951
   224/299     2.64G  0.004486  0.001794  0.000675  0.006955        12       480    0.8441    0.8016    0.8586    0.8586    0.8091   0.06816   0.01259   0.04949
   225/299     2.64G  0.004357  0.001823 0.0005671  0.006747        12       480    0.8495    0.7948    0.8593    0.8593     0.809   0.06831   0.01257   0.04936
   226/299     2.64G  0.004437  0.001876 0.0006927  0.007007        12       480     0.833    0.7906    0.8518    0.8518     0.804   0.06857   0.01233   0.04952
   227/299     2.64G  0.004403  0.001833 0.0004876  0.006723        12       480    0.8473     0.782    0.8528    0.8528    0.8089   0.06865   0.01222    0.0496
   228/299     2.64G  0.004347  0.001762 0.0005578  0.006667        12       480    0.8581    0.7881    0.8539    0.8539    0.8053    0.0688   0.01218   0.04941
   229/299     2.64G  0.004365  0.001786 0.0005942  0.006745        12       480    0.8923    0.7605    0.8579    0.8579    0.8123   0.06878   0.01224   0.04923
   230/299     2.64G  0.004397  0.001777 0.0007056  0.006879        12       480    0.8896    0.7636    0.8585    0.8585    0.8123   0.06822   0.01251   0.04916
   231/299     2.64G  0.004353  0.001814   0.00063  0.006796        12       480    0.8579    0.7973    0.8544    0.8544    0.8062   0.06854   0.01246   0.04924
   232/299     2.64G  0.005301  0.001867 0.0009963  0.008165        12       480    0.8662     0.791    0.8544    0.8544    0.8091   0.06896   0.01238   0.04945
   233/299     2.64G  0.004369  0.001773 0.0005647  0.006706        12       480    0.8561    0.7968    0.8525    0.8525    0.8048   0.06905    0.0123   0.04955
   234/299     2.64G   0.00429  0.001821 0.0008386   0.00695        12       480    0.8501    0.7968     0.851     0.851    0.8049   0.06873   0.01239   0.04933
   235/299     2.64G  0.004319  0.001752 0.0006288    0.0067        12       480    0.8582    0.7675     0.851     0.851    0.8069   0.06843   0.01243   0.04928
   236/299     2.64G  0.005137  0.001707 0.0009209  0.007764        12       480    0.8554    0.7745    0.8525    0.8525    0.8127   0.06865   0.01231   0.04878
   237/299     2.64G  0.004418  0.001836 0.0006921  0.006946        12       480    0.8517    0.7782    0.8522    0.8522    0.8065    0.0689   0.01224   0.04885
   238/299     2.64G   0.00437  0.001848 0.0008479  0.007067        12       480    0.7854    0.8135    0.8508    0.8508    0.8064   0.06849   0.01244   0.04933
   239/299     2.64G  0.004351  0.001806 0.0007936  0.006951        12       480    0.8052    0.8039    0.8382    0.8382    0.7933   0.06837   0.01251   0.04904
   240/299     2.64G  0.004251  0.001784 0.0007109  0.006747        12       480    0.8142    0.8039    0.8372    0.8372    0.7933   0.06859   0.01241   0.04889
   241/299     2.64G  0.004257   0.00174 0.0006503  0.006647        12       480    0.8109    0.8121     0.839     0.839    0.7919   0.06861   0.01237   0.04877
   242/299     2.64G   0.00425  0.001797 0.0005485  0.006596        12       480    0.8033      0.81    0.8384    0.8384    0.7961   0.06849   0.01242   0.04893
   243/299     2.64G  0.004117   0.00173 0.0007321   0.00658        12       480    0.8117    0.8109    0.8392    0.8392    0.7994   0.06843   0.01244   0.04883
   244/299     2.64G  0.004258  0.001711 0.0006831  0.006653        12       480     0.807    0.8151    0.8372    0.8372    0.7998   0.06829   0.01249   0.04894
   245/299     2.64G  0.004239  0.001833 0.0006469  0.006718        12       480    0.8172    0.8196    0.8379    0.8379    0.7954   0.06833   0.01251   0.04895
   246/299     2.64G  0.004179  0.001741 0.0005804    0.0065        12       480    0.8346    0.8078    0.8391    0.8391    0.7967   0.06836   0.01253   0.04887
   247/299     2.64G  0.004216  0.001788 0.0004071  0.006412        12       480    0.8468    0.8031     0.839     0.839    0.7969   0.06838   0.01257   0.04875
   248/299     2.64G  0.004229  0.001854 0.0006293  0.006712        12       480    0.8439    0.8044    0.8392    0.8392    0.7973   0.06837   0.01258   0.04885
   249/299     2.64G  0.005123  0.001808 0.0009144  0.007845        12       480    0.8354    0.8088    0.8375    0.8375    0.7968   0.06825   0.01263   0.04877
   250/299     2.64G  0.004144   0.00176 0.0006158   0.00652        12       480    0.8066    0.8221     0.838     0.838    0.8001   0.06824   0.01263   0.04878
   251/299     2.64G   0.00414  0.001685 0.0005321  0.006358        12       480    0.7983    0.8263    0.8359    0.8359    0.7943   0.06827   0.01264   0.04893
   252/299     2.64G  0.004133  0.001717 0.0004711  0.006321        12       480    0.7882     0.838    0.8348    0.8348    0.7986   0.06838   0.01257   0.04904
   253/299     2.64G  0.005111  0.001764 0.0009969  0.007871        12       480     0.846    0.7741    0.8348    0.8348    0.7989   0.06849    0.0125   0.04909
   254/299     2.64G  0.004223  0.001842 0.0007042   0.00677        12       480    0.8474    0.7735    0.8327    0.8327    0.8001   0.06862   0.01244   0.04938
   255/299     2.64G  0.004211  0.001791 0.0009107  0.006913        12       480    0.8483    0.7736    0.8306    0.8306    0.8002   0.06849   0.01248   0.04948
   256/299     2.64G  0.004248  0.001769 0.0007066  0.006723        12       480    0.8374     0.772    0.8298    0.8298    0.7954   0.06836    0.0125   0.04964
   257/299     2.64G  0.004158  0.001816 0.0007306  0.006705        12       480    0.8361    0.7804     0.831     0.831    0.7907    0.0683   0.01251   0.04954
   258/299     2.64G  0.004254  0.001738 0.0005917  0.006584        12       480    0.8379    0.7855    0.8354    0.8354    0.7981   0.06829   0.01255    0.0494
   259/299     2.64G  0.004142  0.001688 0.0006109  0.006441        12       480    0.8431    0.7807    0.8358    0.8358    0.7975   0.06842   0.01253   0.04915
   260/299     2.64G  0.004169   0.00179  0.000646  0.006605        12       480    0.8444    0.7819    0.8359    0.8359    0.7997   0.06846   0.01251    0.0491
   261/299     2.64G  0.004157  0.001728 0.0007493  0.006635        12       480    0.8394    0.7899     0.836     0.836     0.798   0.06836   0.01251   0.04905
   262/299     2.64G  0.004115  0.001698 0.0005307  0.006344        12       480    0.8438    0.7876    0.8356    0.8356    0.7957   0.06832   0.01255   0.04916
   263/299     2.64G  0.004138  0.001724 0.0005755  0.006437        12       480    0.8421    0.7893    0.8358    0.8358    0.7949   0.06838   0.01248   0.04914
   264/299     2.64G  0.004155  0.001713  0.000598  0.006466        12       480    0.8439    0.7892     0.838     0.838    0.7918   0.06836   0.01249   0.04918
   265/299     2.64G  0.004118  0.001753 0.0006794   0.00655        11       480    0.8179    0.8189    0.8391    0.8391    0.7938   0.06827    0.0125   0.04915
   266/299     2.64G  0.004988  0.001753 0.0005592    0.0073        12       480     0.814    0.8191    0.8387    0.8387    0.7936   0.06818   0.01254   0.04929
   267/299     2.64G  0.004094  0.001753 0.0009654  0.006813        12       480    0.8199    0.8189    0.8392    0.8392    0.7957   0.06822   0.01254   0.04935
   268/299     2.64G  0.004098  0.001776 0.0008034  0.006677        11       480    0.8166    0.8188    0.8391    0.8391    0.7937   0.06838   0.01249   0.04948
   269/299     2.64G  0.004052  0.001677 0.0006237  0.006352        12       480    0.8089    0.8243    0.8397    0.8397    0.7943   0.06846   0.01247    0.0495
   270/299     2.64G  0.004086  0.001677 0.0007086  0.006471        12       480    0.7995    0.8255    0.8397    0.8397    0.7943   0.06842   0.01249   0.04948
   271/299     2.64G   0.00394  0.001661 0.0006716  0.006273        12       480    0.8041    0.8241    0.8384    0.8384    0.7937   0.06836   0.01249   0.04931
   272/299     2.64G  0.003983   0.00165   0.00078  0.006413        12       480    0.8038    0.8243    0.8383    0.8383    0.7961   0.06834    0.0125    0.0494
   273/299     2.64G  0.004009  0.001706 0.0007222  0.006437        12       480    0.8045    0.8243    0.8396    0.8396    0.7966   0.06828   0.01258   0.04943
   274/299     2.64G  0.004033  0.001737 0.0007711  0.006541        11       480    0.8023    0.8246    0.8388    0.8388    0.7933   0.06823   0.01261   0.04943
   275/299     2.64G  0.003937  0.001635 0.0006566  0.006228        12       480    0.7987    0.8252    0.8372    0.8372    0.7926   0.06823   0.01263   0.04947
   276/299     2.64G  0.003879  0.001627 0.0007394  0.006245        12       480    0.7953    0.8257    0.8383    0.8383    0.7936   0.06823   0.01261   0.04956
   277/299     2.64G  0.003959  0.001725 0.0009273  0.006611        12       480    0.8071    0.8188    0.8384    0.8384    0.7945   0.06819   0.01264    0.0495
   278/299     2.64G   0.00393  0.001665 0.0005476  0.006142        12       480       0.8    0.8241    0.8387    0.8387    0.7921   0.06818   0.01266   0.04954
   279/299     2.64G  0.003961  0.001727  0.000947  0.006635        12       480     0.798    0.8243    0.8383    0.8383    0.7917   0.06819   0.01265   0.04954
   280/299     2.64G  0.004878  0.001675 0.0007207  0.007274        12       480    0.8043    0.8217    0.8373    0.8373    0.7953   0.06819   0.01263   0.04949
   281/299     2.64G   0.00397  0.001744 0.0007857    0.0065        12       480    0.8077     0.822    0.8379    0.8379    0.7982   0.06822   0.01262   0.04946
   282/299     2.64G  0.003946  0.001711 0.0006078  0.006265        12       480    0.8114    0.8219    0.8366    0.8366    0.7981   0.06823   0.01265   0.04947
   283/299     2.64G  0.005792  0.001631 0.0009952  0.008418        12       480    0.8118    0.8207    0.8368    0.8368    0.7937   0.06819   0.01266   0.04946
   284/299     2.64G  0.003922  0.001722 0.0005514  0.006196        12       480     0.817    0.8169    0.8364    0.8364    0.7935   0.06813   0.01268   0.04945
   285/299     2.64G  0.003948  0.001741 0.0006462  0.006335        12       480    0.8128     0.819    0.8361    0.8361    0.7973   0.06812   0.01268   0.04949
   286/299     2.64G  0.003961  0.001642 0.0007065   0.00631        12       480    0.8038    0.8234    0.8374    0.8374    0.7932   0.06809   0.01269   0.04958
   287/299     2.64G  0.003863  0.001695 0.0008023   0.00636        12       480    0.8096    0.8192     0.838     0.838    0.7943   0.06806   0.01269   0.04944
   288/299     2.64G  0.003928  0.001684 0.0008857  0.006497        12       480    0.8075    0.8227    0.8378    0.8378    0.7981   0.06809   0.01268   0.04943
   289/299     2.64G  0.003859  0.001711 0.0007623  0.006333        12       480    0.8026     0.825    0.8373    0.8373    0.7977    0.0681   0.01267   0.04944
   290/299     2.64G  0.003869  0.001716 0.0008181  0.006403        12       480    0.7995    0.8279    0.8378    0.8378    0.7973   0.06811   0.01267   0.04945
   291/299     2.64G  0.003899  0.001689 0.0007109  0.006298        12       480    0.7981     0.827    0.8383    0.8383    0.7978   0.06811   0.01268   0.04944
   292/299     2.64G  0.004809   0.00168 0.0009842  0.007473        12       480    0.8427    0.7739    0.8379    0.8379    0.7976   0.06812   0.01268   0.04955
   293/299     2.64G  0.004853  0.001724 0.0009406  0.007517        12       480    0.8124    0.8043    0.8378    0.8378    0.7932   0.06812   0.01268   0.04956
   294/299     2.64G   0.00384   0.00165 0.0007837  0.006273        12       480    0.8409    0.7746    0.8375    0.8375    0.7933   0.06811   0.01268   0.04953
   295/299     2.64G  0.004835  0.001684 0.0007555  0.007275        12       480    0.7991    0.8259    0.8365    0.8365    0.7927   0.06809   0.01269   0.04944
   296/299     2.64G  0.003939  0.001723 0.0007888   0.00645        12       480    0.8428     0.774    0.8375    0.8375    0.7927   0.06809    0.0127   0.04951
   297/299     2.64G  0.003874  0.001698 0.0006135  0.006186        12       480    0.8109    0.8119    0.8372    0.8372    0.7923    0.0681   0.01271   0.04944
   298/299     2.64G  0.003871  0.001691 0.0006016  0.006163        12       480    0.8072    0.8164    0.8372    0.8372     0.792   0.06808   0.01271   0.04945
   299/299     2.64G  0.003924  0.001701 0.0008336  0.006458        12       480    0.8106     0.814    0.8366    0.8366    0.7924   0.06807   0.01271   0.04946
