     0/299     1.87G   0.05623   0.01025   0.04611    0.1126        12       480    0.2345    0.2651   0.08409  0.005872 7.149e-05    0.1101   0.01691   0.08096
     1/299     1.91G   0.03573  0.007335   0.02463    0.0677        11       480    0.4143    0.5626    0.2355   0.08959   0.01684    0.1083    0.1111   0.07525
     2/299     2.52G   0.03183  0.006705   0.02084   0.05938        12       480    0.7229    0.3184    0.3026   0.08419  0.002999    0.1023   0.03474   0.06734
     3/299     2.52G   0.02958  0.006579   0.01897   0.05513        12       480    0.3716    0.4646    0.2927    0.1778  0.001935    0.1055   0.01301   0.06474
     4/299     2.52G   0.03069  0.006616   0.01964   0.05695        12       480    0.0818    0.6407    0.1773   0.07387 0.0002142    0.1027   0.01958   0.06745
     5/299     2.52G   0.03296   0.00663   0.02027   0.05986        12       480     0.166    0.4757    0.2795   0.04457 1.966e-05    0.1122    0.0203    0.1003
     6/299     2.52G   0.03351  0.006914   0.01923   0.05966        12       480    0.2675     0.487     0.242   0.02686 8.641e-05    0.1022   0.01325   0.07575
     7/299     2.52G   0.03075  0.006558   0.01789   0.05519        12       480    0.5838    0.3411    0.3036    0.1836  0.001143   0.09462   0.04192   0.07403
     8/299     2.52G   0.02886   0.00635   0.01686   0.05207        12       480    0.5869    0.3741    0.3538    0.1616  0.009215   0.09684   0.01808   0.06401
     9/299     2.52G   0.02792  0.006549   0.01557   0.05004        12       480    0.5999    0.4333    0.3778    0.2949  0.007982   0.09564   0.01296   0.05995
    10/299     2.52G   0.02842  0.006281   0.01473   0.04943        12       480    0.6049    0.3838    0.3439    0.2189  0.006041   0.07712   0.01561   0.06512
    11/299     2.52G   0.03204  0.006581   0.01469   0.05331        12       480    0.6255    0.3599    0.4052    0.1589  0.004078   0.07945    0.0239   0.09229
    12/299     2.52G   0.03237   0.00656   0.01821   0.05714        12       480    0.8226    0.2122    0.2758   0.09895 0.0002942   0.08874   0.03084    0.1149
    13/299     2.52G   0.02964  0.006509   0.01569   0.05184        12       480    0.7238     0.428    0.4744    0.3536   0.06223   0.08526   0.01474   0.07989
    14/299     2.52G   0.03035  0.006464   0.01427   0.05108        12       480    0.3224    0.5317    0.3694    0.1481   0.01137   0.09616   0.01871   0.08733
    15/299     2.52G   0.02727  0.006319   0.01339   0.04697        12       480    0.2757    0.6944    0.4212    0.3765   0.03432   0.08241   0.01529   0.08129
    16/299     2.52G   0.02592  0.006273   0.01294   0.04513        12       480    0.4602    0.6483    0.5431    0.5121    0.1155   0.07888   0.01459   0.07997
    17/299     2.52G   0.02545  0.006223   0.01211   0.04378        12       480    0.3639    0.6984    0.5591    0.5468   0.08135   0.08722   0.01396   0.07503
    18/299     2.52G   0.02491   0.00611   0.01184   0.04286        12       480    0.5907    0.6074    0.5334    0.5238   0.08835   0.08557   0.01453   0.07836
    19/299     2.52G   0.02431  0.006224   0.01073   0.04126        12       480    0.4537    0.6773    0.5849    0.5568   0.03783    0.0873   0.01807    0.0825
    20/299     2.52G   0.02578  0.006119   0.01059   0.04248        12       480    0.4681    0.5714    0.5001    0.3801   0.04113   0.08972    0.0146    0.1008
    21/299     2.52G   0.02639  0.006099    0.0116   0.04409        12       480    0.3153    0.7037    0.4866    0.4639    0.1056   0.08111   0.01604   0.07926
    22/299     2.52G   0.02734  0.006193   0.01493   0.04846        12       480    0.5894   0.09398    0.1049   0.02596 0.0001954    0.1102   0.01992    0.2296
    23/299     2.52G   0.02747  0.006108    0.0115   0.04507        12       480    0.3866    0.4486    0.2907   0.09259  0.006384    0.1016   0.01498    0.1421
    24/299     2.52G   0.02761  0.006144   0.01288   0.04663        12       480    0.4946    0.4386    0.3831    0.2715  0.006046   0.09522   0.02934    0.1043
    25/299     2.52G   0.02779  0.006489   0.01542    0.0497        12       480    0.3187    0.3851    0.3079   0.09765 0.0008948    0.1024   0.01995    0.1229
    26/299     2.52G    0.0257  0.006601   0.01244   0.04474        12       480    0.4014    0.6183     0.543    0.5293    0.1091    0.0934   0.01382   0.07784
    27/299     2.52G   0.02411   0.00638   0.01164   0.04213        12       480    0.5148    0.5768    0.5206    0.5055    0.1989   0.09168   0.01421   0.08075
    28/299     2.52G   0.02369  0.006304   0.01116   0.04116        12       480     0.276    0.7364    0.4341     0.412    0.1566     0.089   0.01366   0.09275
    29/299     2.52G    0.0232   0.00611   0.01009    0.0394        12       480    0.3633    0.6055    0.4555    0.4316    0.1661   0.08795   0.01486   0.08121
    30/299     2.52G   0.02255  0.006069   0.00988    0.0385        12       480    0.3777    0.6294    0.4893    0.4635    0.1369   0.08633   0.01388   0.09482
    31/299     2.52G   0.02138  0.005926  0.009685   0.03699        12       480    0.4917     0.652    0.5791    0.5652    0.1926   0.09211    0.0129   0.08525
    32/299     2.52G   0.02164  0.005766  0.008342   0.03575        12       480    0.4974    0.7032    0.5828    0.5499   0.09264   0.09282   0.01535     0.095
    33/299     2.52G    0.0218   0.00588  0.008679   0.03636        12       480    0.5982    0.6292    0.6321    0.6281    0.1241   0.09001   0.01267   0.09316
    34/299     2.52G   0.02126  0.005735  0.008586   0.03558        12       480    0.3979    0.5988    0.4939    0.4757    0.1777    0.0924   0.01419    0.1049
    35/299     2.52G   0.02056  0.005704  0.009105   0.03537        12       480    0.3218    0.5269    0.3665    0.2028    0.0202   0.09754   0.02027    0.1175
    36/299     2.52G   0.02152  0.005913  0.009238   0.03667        12       480    0.4617    0.6876    0.5968    0.5615    0.2938   0.08701   0.01254   0.09937
    37/299     2.52G   0.02204  0.005876  0.009263   0.03718        12       480    0.6095    0.7625     0.664    0.6216    0.1892   0.08907   0.01291    0.1055
    38/299     2.52G   0.02159  0.005842  0.009804   0.03723        12       480    0.3821    0.6711    0.4992    0.4945    0.2001   0.09025   0.01332    0.1006
    39/299     2.52G   0.02129  0.005842  0.009884   0.03702        12       480    0.3729    0.6884    0.4978    0.4659    0.1406   0.09059   0.01498    0.1222
    40/299     2.52G   0.02129  0.005881  0.008701   0.03587        12       480    0.5979    0.6239    0.5483    0.5315    0.2879   0.08997   0.01393   0.08851
    41/299     2.52G   0.02057  0.005707  0.008546   0.03482        12       480    0.3578    0.6375    0.4769    0.3184   0.05657   0.09449   0.01594     0.104
    42/299     2.52G   0.02059   0.00574  0.008002   0.03433        12       480    0.6133    0.6772     0.652     0.649    0.2393   0.08878    0.0141   0.08552
    43/299     2.52G   0.02007  0.005604  0.007569   0.03325        12       480    0.5978    0.7136    0.6524    0.6472    0.3714   0.08537   0.01334   0.09499
    44/299     2.52G   0.01933  0.005543  0.007089   0.03197        12       480    0.7897    0.5877    0.7035    0.6996    0.3421   0.08758   0.01345   0.09033
    45/299     2.52G   0.01811   0.00544  0.007108   0.03066        12       480    0.6843    0.5847    0.6764    0.6725    0.4123   0.08587   0.01412   0.09435
    46/299     2.52G   0.01997  0.005451  0.007547   0.03296        12       480    0.5554    0.6637     0.663    0.5472   0.06997   0.09211   0.01418   0.09646
    47/299     2.52G   0.02105  0.005428  0.008027   0.03451        12       480    0.3836    0.6759    0.5105    0.4777    0.2217   0.08744   0.01401    0.1134
    48/299     2.52G   0.02002  0.005462  0.008312   0.03379        12       480    0.5567    0.6552    0.6386     0.636    0.3291   0.08364   0.01345     0.106
    49/299     2.52G   0.01891  0.005394  0.006949   0.03125        12       480    0.5556    0.7581    0.6534    0.6366    0.3025   0.08793    0.0144    0.1011
    50/299     2.52G   0.01884  0.005385  0.007007   0.03123        12       480    0.5245     0.726    0.6409    0.6203    0.2712   0.08844   0.01504    0.1043
    51/299     2.52G   0.01978  0.005407  0.008722   0.03391        12       480    0.4459    0.7352    0.6159     0.607    0.3008   0.08657   0.01325    0.0937
    52/299     2.52G   0.01962   0.00568  0.009938   0.03524        12       480    0.5743    0.5758    0.6028    0.5331    0.1364   0.08952   0.01553     0.113
    53/299     2.52G   0.02071  0.005733   0.00859   0.03503        12       480    0.4884    0.7512    0.5764    0.5333    0.2106    0.0881   0.01462    0.1101
    54/299     2.52G   0.02048  0.005879  0.007628   0.03399        12       480    0.4562    0.6152     0.512    0.5055    0.2702   0.08524   0.01395    0.1054
    55/299     2.52G   0.01984  0.005483  0.007339   0.03267        12       480    0.6831    0.6749    0.7017    0.6945    0.3205   0.08897   0.01229   0.09814
    56/299     2.52G   0.01909  0.005483  0.007864   0.03244        12       480    0.5259    0.7971    0.6931    0.6811    0.3419   0.08873   0.01076    0.1069
    57/299     2.52G   0.01933  0.005594  0.007555   0.03247        12       480     0.542    0.5732    0.6109    0.5706    0.2042   0.09224   0.01354    0.1168
    58/299     2.52G   0.02085  0.005483  0.009021   0.03535        12       480    0.5679     0.679    0.6143    0.5903    0.3862   0.08754   0.01152    0.2039
    59/299     2.52G    0.0202  0.005431  0.007312   0.03294        12       480    0.5536    0.6871    0.6367     0.584    0.2078   0.09289   0.01266    0.1348
    60/299     2.52G    0.0197  0.005537  0.007794   0.03303        12       480    0.5293    0.6945    0.6603    0.6583    0.3724   0.09144   0.01084    0.1426
    61/299     2.52G   0.01959  0.005342  0.009059   0.03399        12       480     0.479    0.6598    0.5547    0.5508    0.2515    0.0715   0.01407    0.2515
    62/299     2.52G   0.01881  0.005492  0.007619   0.03192        12       480     0.562    0.8555    0.7027    0.6862     0.305   0.07098   0.01321    0.2659
    63/299     2.52G   0.01896  0.005312  0.007379   0.03165        12       480    0.6869    0.5679    0.6589    0.6516    0.3586   0.07397   0.01273    0.1921
    64/299     2.52G   0.01927  0.005302  0.007689   0.03226        12       480    0.5734    0.7276    0.6251    0.6195    0.4078   0.07436   0.01182    0.1684
    65/299     2.52G   0.01819  0.005352  0.007993   0.03153        11       480    0.4621    0.6583    0.5347    0.5163    0.2256   0.08044   0.01297    0.1254
    66/299     2.52G    0.0203  0.005359   0.01054   0.03621        11       480    0.4367    0.6568    0.4966     0.279   0.09582   0.09133   0.01468    0.1456
    67/299     2.52G   0.01838  0.005199  0.006652   0.03023        11       480    0.6699     0.709    0.7215    0.6783    0.5201   0.07444   0.01248    0.1675
    68/299     2.52G   0.01733  0.005167  0.006683   0.02918        12       480    0.7157    0.6523    0.7426    0.7367    0.5396   0.07345   0.01223    0.2316
    69/299     2.52G    0.0177  0.005258  0.006634   0.02959        12       480    0.6259    0.5774    0.6477     0.637    0.3186   0.07457   0.01307    0.1913
    70/299     2.52G   0.01768  0.005246  0.006299   0.02923        12       480    0.4152    0.4609    0.3618    0.2018   0.04699    0.1018   0.01412   0.09553
    71/299     2.52G   0.01824  0.005236  0.006824    0.0303        12       480    0.5102     0.656    0.6675     0.648    0.3914   0.08296   0.01412    0.1543
    72/299     2.52G   0.01751  0.005209  0.007298   0.03002        12       480    0.5384    0.6484    0.6113    0.6059    0.4372   0.07185    0.0132    0.2282
    73/299     2.52G   0.01862  0.005298  0.006537   0.03045        12       480    0.6089    0.6632    0.6266     0.617    0.2997   0.07213   0.01316    0.2834
    74/299     2.52G    0.0195  0.005163    0.0066   0.03126        12       480    0.6122    0.6993    0.6651    0.6466    0.3518   0.07616   0.01371     0.164
    75/299     2.52G   0.02001  0.005342  0.007006   0.03236        12       480    0.6013    0.4754    0.6002    0.5688    0.2914   0.07487   0.01424    0.1756
    76/299     2.52G   0.02017  0.005407  0.007624    0.0332        12       480    0.7735    0.6619    0.7578    0.7348    0.4293   0.07264   0.01286    0.1786
    77/299     2.52G   0.01935  0.005494   0.00655   0.03139        12       480    0.6035    0.7958    0.6991    0.5928    0.1773   0.07939   0.01413    0.1848
    78/299     2.52G   0.01925  0.005427  0.006202   0.03088        12       480    0.6011    0.6162    0.6877    0.6756    0.2926   0.06946   0.01409    0.2256
    79/299     2.52G   0.01821  0.005109  0.006321   0.02964        12       480    0.6507    0.7494    0.7055    0.7017    0.3665   0.06951   0.01404    0.2084
    80/299     2.52G   0.01975  0.005084  0.005924   0.03076        12       480    0.6316    0.6592    0.6644     0.643    0.2359   0.07638   0.01566    0.1119
    81/299     2.52G   0.01912  0.004984  0.007935   0.03204        12       480    0.7257    0.7213    0.7457    0.7437    0.4388   0.07003   0.01297    0.2287
    82/299     2.52G   0.01786  0.005218  0.006795   0.02987        12       480    0.6949    0.7068    0.7391    0.7329    0.4652   0.07123   0.01347    0.2051
    83/299     2.52G   0.01929  0.005236  0.009493   0.03402        12       480    0.6146    0.7506    0.6829    0.6776    0.3612   0.07274   0.01463    0.1484
    84/299     2.52G   0.01922  0.005527  0.008489   0.03323        12       480    0.6179     0.719    0.6546    0.6524    0.3708   0.06971   0.01525      0.21
    85/299     2.52G   0.01844  0.005516  0.007389   0.03135        12       480    0.6139     0.582    0.6455    0.6386    0.4447   0.07173   0.01485    0.2005
    86/299     2.52G   0.01801  0.005398  0.007051   0.03046        12       480    0.5646    0.7701    0.7152    0.7089    0.3322   0.07198   0.01401    0.1885
    87/299     2.52G    0.0178  0.005305  0.007204    0.0303        12       480    0.6272    0.6592    0.6266    0.6107    0.3217   0.07388   0.01607    0.1415
    88/299     2.52G   0.01776  0.005218  0.005951   0.02893        12       480    0.4909    0.6768    0.5975    0.5938    0.4209   0.07109   0.01369      0.17
    89/299     2.52G   0.01962  0.005003  0.006377     0.031        12       480    0.6323    0.7078    0.7262    0.7175     0.282   0.07188   0.01392    0.2501
    90/299     2.52G   0.01854  0.005202  0.007149   0.03089        12       480    0.6796    0.8523    0.7493    0.7315    0.3443   0.07136   0.01376    0.1891
    91/299     2.52G     0.018  0.005173  0.008055   0.03123        12       480    0.5791    0.5817    0.5911    0.5306    0.1596    0.0805    0.0174    0.1309
    92/299     2.52G   0.01906  0.005298  0.007434   0.03179        12       480    0.6955     0.729    0.7628    0.7572    0.5466   0.06974   0.01302    0.2063
    93/299     2.52G   0.01879  0.005259  0.006921   0.03097        12       480    0.7048    0.6635     0.706    0.6849    0.1741   0.07548   0.01331    0.1581
    94/299     2.52G   0.01872  0.005258  0.006841   0.03082        12       480    0.6388    0.6582    0.7071    0.7001    0.3813   0.07089   0.01492     0.191
    95/299     2.52G   0.01746  0.005092  0.006355   0.02891        12       480    0.5505    0.5811    0.6114    0.3974   0.01478   0.09481    0.0153   0.08286
    96/299     2.52G   0.01755  0.004987  0.005901   0.02844        12       480    0.6742    0.6104    0.6522    0.6358    0.3697   0.07019   0.01438     0.203
    97/299     2.52G   0.01797  0.005068  0.005608   0.02865        12       480    0.6544    0.7276    0.6942    0.6818    0.3648   0.07084    0.0137    0.1942
    98/299     2.52G   0.01873  0.004847   0.00517   0.02875        12       480    0.7451    0.7496     0.798    0.7956    0.4514   0.07186   0.01345    0.1767
    99/299     2.52G   0.01915  0.004832  0.005038   0.02902        12       480    0.8988    0.7363    0.8171    0.8171    0.5687   0.06829     0.014    0.1926
   100/299     2.52G   0.01875  0.004767  0.004905   0.02843        12       480    0.5259     0.677    0.6092    0.5871    0.2449   0.07053   0.01583    0.2045
   101/299     2.52G   0.01773  0.004884  0.005655   0.02827        12       480    0.7349    0.6392    0.7226    0.7172    0.3525   0.07252   0.01513    0.1554
   102/299     2.52G   0.01802  0.005126  0.005803   0.02895        12       480    0.5059    0.5527    0.5229    0.5048    0.2243   0.07214   0.01615    0.1679
   103/299     2.52G   0.01809  0.005112  0.006457   0.02966        12       480    0.7379    0.5835    0.6717    0.6535    0.3166   0.07155   0.01462     0.188
   104/299     2.52G   0.01685  0.005125  0.006022   0.02799        11       480    0.6874     0.745    0.7461    0.7226    0.3716   0.07239   0.01407     0.141
   105/299     2.52G   0.01715  0.004982  0.006391   0.02852        12       480    0.4826    0.7049    0.5436    0.4238    0.1037   0.09227   0.01609   0.06185
   106/299     2.52G    0.0188  0.005203   0.00727   0.03127        12       480    0.6316    0.6782    0.7044    0.6901    0.3312   0.08728    0.0141   0.07745
   107/299     2.52G   0.01905  0.005369  0.007473   0.03189        12       480    0.4808    0.5832    0.5252    0.4699    0.2222   0.08767   0.01711    0.1272
   108/299     2.52G   0.01782  0.005157  0.006565   0.02954        12       480    0.6585    0.7572    0.7652    0.7075    0.2166    0.0898   0.01464   0.06484
   109/299     2.52G   0.01669   0.00524  0.006956   0.02889        12       480    0.5776    0.6335    0.6641     0.648    0.2791   0.08765   0.01629   0.06908
   110/299     2.52G   0.01661  0.005185  0.007032   0.02883        12       480    0.7182     0.641    0.6884    0.6751    0.5172   0.07997   0.01342   0.09006
   111/299     2.52G   0.01589  0.005082  0.006367   0.02734        12       480    0.8228    0.6639    0.7843    0.7843    0.5489   0.08328   0.01337   0.08106
   112/299     2.52G    0.0164  0.005011   0.00615   0.02756        12       480    0.7584    0.7578    0.7636    0.7581    0.4675   0.08501   0.01449   0.07076
   113/299     2.52G   0.01567  0.004899  0.004935   0.02551        12       480    0.7652     0.763    0.7507    0.7472    0.6008   0.08276   0.01388   0.07189
   114/299     2.52G   0.01643  0.004776  0.004642   0.02584        12       480    0.7177    0.6524     0.729    0.7223    0.5603   0.08379   0.01352   0.07241
   115/299     2.52G   0.01589   0.00466  0.004561   0.02511        12       480    0.7236    0.7847    0.7696    0.7634    0.5088   0.08115   0.01438   0.08487
   116/299     2.52G   0.01655  0.004694  0.005235   0.02647        12       480    0.7942    0.7253    0.7718    0.7718    0.5483   0.08304   0.01413   0.07529
   117/299     2.52G    0.0172  0.004913  0.007032   0.02914        12       480    0.6878    0.5537    0.6174    0.5912    0.2754   0.08409   0.01733   0.08896
   118/299     2.52G   0.01668  0.005081   0.00565   0.02741        12       480    0.5187    0.7157    0.6936     0.687    0.4087   0.08121   0.01562    0.1099
   119/299     2.52G    0.0164  0.005001  0.005483   0.02688        12       480    0.6554    0.7118    0.7303    0.7293    0.4598    0.0839   0.01316   0.08747
   120/299     2.52G   0.01679   0.00504  0.005314   0.02715        12       480    0.6208    0.7134    0.7161    0.7081     0.419   0.08036   0.01416   0.09998
   121/299     2.52G   0.01659  0.004769  0.006415   0.02777        12       480     0.754    0.7042    0.7369    0.7347    0.5236   0.07531   0.01489   0.09489
   122/299     2.52G   0.01673  0.004841  0.005445   0.02701        12       480    0.7254    0.7523    0.7627    0.7607    0.6428    0.0809   0.01426   0.08027
   123/299     2.52G   0.01643  0.004656  0.004461   0.02555        12       480    0.7449    0.7767    0.7775    0.7775    0.6255   0.07662   0.01451   0.08884
   124/299     2.52G   0.01594  0.004697  0.004649   0.02529        12       480    0.7438    0.7361    0.7679    0.7605    0.5146   0.07754   0.01511   0.08663
   125/299     2.52G   0.01508  0.004633  0.004301   0.02401        12       480    0.7532    0.8118    0.7944    0.7944    0.6206   0.07689   0.01421   0.09339
   126/299     2.52G    0.0146  0.004524  0.004531   0.02365        12       480    0.8331    0.7119    0.7737    0.7697    0.5975   0.07677    0.0141   0.08278
   127/299     2.52G   0.01499  0.004538  0.004203   0.02374        12       480    0.7202    0.7449    0.8134    0.8134    0.6988   0.07787   0.01427   0.08238
   128/299     2.52G   0.01524  0.004606  0.004071   0.02391        12       480    0.7086    0.6316    0.7007    0.6926     0.467   0.07708   0.01559   0.09535
   129/299     2.52G   0.01483  0.004586  0.004541   0.02396        12       480     0.737    0.6786    0.7163    0.7163    0.6054    0.0775    0.0143   0.09365
   130/299     2.52G     0.015   0.00467  0.004724    0.0244        12       480    0.8206    0.7861    0.8113    0.8113    0.6858   0.07975   0.01369   0.08123
   131/299     2.52G    0.0147  0.004648   0.00528   0.02463        12       480    0.7153     0.624    0.7621    0.7508    0.5738   0.07717   0.01551   0.09008
   132/299     2.52G    0.0153   0.00477  0.005381   0.02545        12       480    0.6988    0.7567    0.7784    0.7776    0.6212   0.08311   0.01435   0.07498
   133/299     2.52G   0.01497  0.004901  0.005175   0.02505        12       480    0.7332     0.784    0.7613    0.7585     0.575   0.07532     0.015   0.09491
   134/299     2.52G   0.01489  0.004715  0.005615   0.02522        12       480    0.7455    0.7377    0.7775    0.7771    0.5943   0.06953    0.0151    0.1028
   135/299     2.52G   0.01503  0.004812  0.004887   0.02473        12       480    0.7478    0.5968    0.7128     0.681    0.5341   0.07768   0.01403   0.09215
   136/299     2.52G   0.01487  0.004822  0.006315   0.02601        12       480    0.7001     0.721    0.7327    0.7292    0.4739   0.07878   0.01542   0.08383
   137/299     2.52G   0.01482  0.004887  0.006092    0.0258        12       480     0.693    0.7282    0.7247    0.6833    0.5024   0.07319   0.01476   0.09949
   138/299     2.52G    0.0148  0.004989  0.006188   0.02597        12       480    0.5849    0.7839    0.7533    0.7518     0.515   0.08044   0.01578   0.09082
   139/299     2.52G    0.0151  0.004864  0.005804   0.02577        12       480    0.7109    0.7314    0.7555    0.7525    0.5697   0.07972   0.01426   0.08819
   140/299     2.52G   0.01638  0.004706  0.005612    0.0267        12       480    0.7121     0.686    0.7183    0.7139     0.453   0.08226    0.0146   0.09499
   141/299     2.52G   0.01578  0.004633  0.004117   0.02453        12       480    0.7656    0.7225    0.7656    0.7656    0.6231    0.0806    0.0142   0.09991
   142/299     2.52G   0.01533   0.00467  0.004375   0.02438        12       480    0.6945    0.7878    0.7787    0.7787    0.6086   0.08258   0.01359   0.08711
   143/299     2.52G   0.01506  0.004537  0.005246   0.02485        12       480    0.7845     0.708    0.8053    0.8046    0.6111   0.08201   0.01543   0.09451
   144/299     2.52G   0.01599  0.004549  0.005563    0.0261        12       480    0.7327    0.6364    0.7637    0.7586    0.6209   0.07963   0.01487   0.09423
   145/299     2.52G   0.01503  0.004577  0.005385   0.02499        11       480    0.7679    0.6005    0.7165    0.7118    0.4757   0.07997   0.01484   0.09028
   146/299     2.52G   0.01641  0.004851  0.007496   0.02876        12       480    0.5862    0.7769    0.7324    0.7319     0.507   0.06568   0.01537    0.1577
   147/299     2.52G   0.01587  0.004888  0.005727   0.02648        12       480    0.5042    0.7527     0.666    0.6625    0.5127   0.07934   0.01538     0.123
   148/299     2.52G   0.01618  0.004782  0.005442    0.0264        12       480    0.7816    0.7178    0.7636    0.7515    0.5925    0.0713   0.01514       0.1
   149/299     2.52G   0.01605   0.00469  0.004921   0.02567        12       480    0.6923    0.7682    0.7491    0.7458    0.4801   0.07236   0.01582    0.0989
   150/299     2.52G   0.01662   0.00485   0.00512   0.02659        12       480    0.7002     0.782     0.768     0.768    0.6489   0.06868   0.01505   0.09632
   151/299     2.52G   0.01633  0.004618  0.004667   0.02561        12       480    0.6785    0.7449    0.7707    0.7614    0.4334   0.07173   0.01598    0.1123
   152/299     2.52G   0.01635  0.004674  0.004923   0.02595        12       480    0.7277    0.7045    0.7313     0.729    0.5331   0.06949   0.01514    0.1157
   153/299     2.52G   0.01718  0.004643  0.004443   0.02626        11       480    0.7277    0.7539    0.7877    0.7853    0.5715   0.06901   0.01555   0.09811
   154/299     2.52G   0.01676  0.004489     0.004   0.02525        12       480    0.6029     0.814    0.7535    0.7465    0.5752   0.07042   0.01621    0.1041
   155/299     2.52G   0.01547  0.004299  0.003513   0.02328        12       480    0.5831    0.7861     0.762    0.7559    0.5688   0.07128   0.01557    0.1002
   156/299     2.52G   0.01451  0.004365  0.004063   0.02293        12       480     0.682    0.7683    0.7775    0.7733    0.6279   0.07169    0.0168   0.09666
   157/299     2.52G    0.0136  0.004163  0.003545   0.02131        12       480    0.7785    0.7048    0.7464    0.7464    0.6209   0.07416   0.01471   0.08621
   158/299     2.52G   0.01333  0.004108  0.003365    0.0208        12       480    0.8393    0.7353    0.8355    0.8342    0.7121   0.06937   0.01495    0.1014
   159/299     2.52G   0.01342  0.004102  0.003268   0.02079        12       480    0.8268    0.7262    0.8194    0.8161    0.6534   0.07303   0.01454   0.09989
   160/299     2.52G    0.0135  0.004269  0.004423   0.02219        12       480    0.7951    0.7877       0.8    0.7986    0.7284   0.07258   0.01418   0.09588
   161/299     2.52G   0.01312  0.004431  0.005851    0.0234        12       480    0.6658    0.6763    0.7247    0.7241    0.6042   0.07081   0.01555    0.1034
   162/299     2.52G   0.01401  0.004514    0.0055   0.02402        12       480    0.6243    0.7861    0.7529    0.7529    0.6568   0.07034   0.01606     0.108
   163/299     2.52G   0.01419   0.00446  0.004938   0.02359        11       480    0.7737    0.7321    0.7894    0.7796    0.6637   0.07393   0.01483   0.09732
   164/299     2.52G   0.01464  0.004278  0.005294   0.02421        12       480    0.6614    0.7858    0.7428    0.7407    0.6014   0.06251   0.01499   0.09614
   165/299     2.52G   0.01332  0.004371  0.004313   0.02201        12       480    0.7471    0.7146    0.7717    0.7704    0.6766   0.06287   0.01508   0.09222
   166/299     2.52G   0.01329  0.004156  0.003703   0.02115        12       480    0.7403    0.7286    0.7826    0.7822    0.6589   0.06098    0.0156    0.1016
   167/299     2.52G   0.01424  0.004054  0.006392   0.02469        12       480    0.7759    0.6586    0.7736    0.7703    0.6924    0.0581     0.017    0.1103
   168/299     2.52G   0.01399  0.004123  0.003696   0.02181        12       480    0.7953    0.6199    0.7404    0.7404    0.6473   0.06059   0.01593    0.1003
   169/299     2.52G   0.01457  0.004192  0.004039    0.0228        12       480    0.7674    0.7384    0.8259    0.8243    0.6612    0.0597   0.01575    0.1073
   170/299     2.52G   0.01443   0.00419  0.003481    0.0221        12       480    0.7358    0.7746    0.7933    0.7933    0.6475   0.06127   0.01586    0.1117
   171/299     2.52G   0.01405  0.004104  0.003823   0.02198        12       480    0.7591    0.7881    0.8061    0.8036    0.6903   0.05696   0.01621     0.121
   172/299     2.52G   0.01401  0.004342   0.00484   0.02319        12       480     0.711    0.7521    0.7833    0.7817    0.6366   0.06797   0.01569   0.08257
   173/299     2.52G   0.01354  0.004232  0.004247   0.02202        12       480    0.8019    0.7537     0.812     0.812    0.7277   0.06509   0.01535   0.08851
   174/299     2.52G   0.01411  0.004169  0.004665   0.02294        12       480    0.6615    0.6712    0.7391    0.7359    0.6495   0.05852   0.01685    0.1137
   175/299     2.52G     0.014  0.004355  0.006089   0.02445        12       480    0.7346    0.7451    0.7847    0.7811    0.6241   0.05812     0.017    0.1102
   176/299     2.52G   0.01413  0.004258  0.004113    0.0225        12       480     0.588    0.7474    0.7313    0.6996    0.5374   0.06269   0.01624    0.1052
   177/299     2.52G   0.01422  0.004176  0.004266   0.02266        12       480    0.7153    0.7124    0.7391    0.7391    0.6687   0.05954   0.01593    0.1109
   178/299     2.52G   0.01443  0.004121  0.004078   0.02262        12       480    0.7243    0.7556    0.7836    0.7788    0.6173   0.05827   0.01664    0.1141
   179/299     2.52G   0.01454  0.004175   0.00355   0.02227        12       480    0.8089     0.684    0.7694    0.7681    0.6932   0.05949   0.01607    0.1012
   180/299     2.52G   0.01634  0.004112   0.00295    0.0234        12       480    0.8307    0.7093    0.7769    0.7736    0.6527    0.0591   0.01619    0.1025
   181/299     2.52G   0.01513  0.004091  0.002834   0.02206        12       480    0.7991    0.6925    0.7557    0.7533    0.6204   0.05997   0.01589    0.1006
   182/299     2.52G    0.0157  0.004344  0.003494   0.02354        12       480    0.7178    0.7153    0.8119    0.8119    0.6081   0.05793   0.01707    0.1104
   183/299     2.52G   0.01406  0.004134   0.00298   0.02118        12       480    0.8278    0.7528    0.8241    0.8241    0.7241   0.05882    0.0161    0.1021
   184/299     2.52G   0.01337  0.003939  0.002745   0.02005        12       480    0.7875     0.724    0.7775    0.7775    0.6485    0.0594   0.01621    0.1001
   185/299     2.52G   0.01371  0.003896  0.002862   0.02047        12       480    0.7308    0.7442    0.7624    0.7624    0.6385   0.05859   0.01709    0.1086
   186/299     2.52G    0.0152  0.003822  0.002971   0.02199        12       480    0.7896    0.7451    0.8056    0.8056    0.6919   0.06024    0.0158   0.09989
   187/299     2.52G    0.0148  0.003788  0.003084   0.02167        12       480    0.8291     0.762     0.816     0.816    0.6912    0.0582   0.01584   0.09999
   188/299     2.52G   0.01383  0.003817   0.00304   0.02069        12       480    0.7206    0.7622    0.7652    0.7594    0.6612   0.06024   0.01646   0.09727
   189/299     2.52G   0.01365  0.003858  0.002825   0.02034        12       480    0.8041    0.6801    0.7694    0.7694    0.7179   0.05873   0.01578   0.09684
   190/299     2.52G    0.0145  0.003756  0.002565   0.02082        12       480    0.7484    0.7597    0.7903    0.7886    0.6964   0.05838   0.01647    0.1023
   191/299     2.52G   0.01331  0.003732  0.002819   0.01986        12       480     0.747    0.8094    0.7843    0.7843    0.7265   0.05724   0.01588     0.107
   192/299     2.52G   0.01481  0.003733  0.002532   0.02108        12       480    0.7593    0.7788    0.7842    0.7836    0.5844   0.06005   0.01652    0.1043
   193/299     2.52G   0.01501  0.003789  0.002582   0.02138        12       480    0.7835    0.8167    0.7831    0.7831    0.6375    0.0585   0.01704    0.1047
   194/299     2.52G   0.01275  0.003814  0.002901   0.01947        12       480    0.7951    0.7483    0.7929    0.7929    0.7181    0.0566   0.01556    0.1043
   195/299     2.52G   0.01494  0.003809   0.00306    0.0218        12       480    0.7809    0.7764    0.8046    0.8046    0.7039   0.05906   0.01693    0.1008
   196/299     2.52G    0.0131  0.003871  0.003001   0.01997        12       480    0.7481    0.7829    0.8048    0.8048    0.7645   0.05771   0.01662    0.0963
   197/299     2.52G   0.01343  0.003966  0.003611   0.02101        12       480    0.8556    0.6898    0.8044    0.8044    0.6723   0.05738   0.01635    0.1126
   198/299     2.52G   0.01473  0.004034  0.004113   0.02288        12       480    0.7997    0.7364    0.7794    0.7794    0.6524   0.06771   0.01639   0.09291
   199/299     2.52G   0.01294  0.003954  0.003564   0.02046        12       480    0.7656    0.7218    0.7265    0.7234    0.5684   0.06359   0.01512   0.08114
   200/299     2.52G   0.01323  0.004005  0.004223   0.02145        12       480    0.7964    0.7718    0.7918    0.7907     0.715   0.06089   0.01549   0.07779
   201/299     2.52G   0.01287   0.00413  0.003862   0.02086        12       480    0.7939    0.7683    0.7691    0.7682    0.6634   0.05506   0.01651   0.08921
   202/299     2.52G   0.01263  0.003999  0.003609   0.02023        12       480    0.7457    0.8432    0.8268    0.8268    0.7496   0.05355   0.01586    0.0853
   203/299     2.52G   0.01202  0.003655  0.002452   0.01812        12       480    0.8023    0.7076    0.8116    0.8116    0.7624   0.05382   0.01581   0.07799
   204/299     2.52G   0.01135  0.003585  0.002403   0.01734        12       480    0.8525    0.7183    0.8085    0.8085    0.7436   0.05324   0.01586   0.08147
   205/299     2.52G   0.01167  0.003475  0.002556    0.0177        12       480    0.7759    0.8153    0.8137    0.8137    0.7405   0.05549   0.01639   0.08072
   206/299     2.52G   0.01124  0.003434  0.002256   0.01693        11       480    0.7826    0.8159    0.8403    0.8403    0.7672   0.05686   0.01569   0.08033
   207/299     2.52G   0.01081  0.003437  0.002083   0.01633        12       480    0.8451    0.7898      0.84      0.84     0.773   0.05839   0.01539    0.0785
   208/299     2.52G   0.01141  0.003474  0.002122     0.017        12       480    0.8267    0.7513     0.815    0.8135    0.7398   0.05959   0.01472   0.07657
   209/299     2.52G   0.01182  0.003419   0.00189   0.01713        12       480    0.8291    0.7895    0.8335    0.8326    0.7273   0.06199   0.01546   0.07238
   210/299     2.52G   0.01163  0.003519  0.002367   0.01751        12       480    0.7843    0.8517    0.8281    0.8281    0.7272   0.06373   0.01549    0.0708
   211/299     2.52G   0.01174  0.003408  0.002274   0.01742        12       480    0.7691    0.7852    0.7903    0.7886     0.737   0.06335   0.01495   0.07403
   212/299     2.52G   0.01215  0.003563  0.003166   0.01888        12       480    0.8074    0.7404    0.7983    0.7975    0.7214   0.06327   0.01447    0.0762
   213/299     2.52G   0.01094  0.003469  0.002386   0.01679        12       480    0.8226    0.7283    0.8075    0.8065    0.7534   0.06449   0.01444   0.07281
   214/299     2.52G    0.0121  0.003422   0.00249   0.01801        12       480     0.782    0.7739    0.8285    0.8285    0.7442   0.06625   0.01408   0.07417
   215/299     2.52G   0.01095  0.003439  0.002207    0.0166        12       480    0.8071    0.8162    0.8055    0.8055    0.7521   0.06588    0.0142   0.07427
   216/299     2.52G    0.0109  0.003388  0.002291   0.01658        12       480    0.8035    0.7955    0.8029    0.8029    0.7424   0.06581   0.01424   0.07317
   217/299     2.52G    0.0113  0.003356  0.001949    0.0166        12       480    0.7922     0.803    0.8018    0.8018    0.7445   0.06509   0.01442   0.07251
   218/299     2.52G   0.01065  0.003354  0.002212   0.01622        12       480    0.7821    0.7873    0.8161    0.8161    0.7456    0.0637   0.01399   0.07684
   219/299     2.52G   0.01183  0.003409  0.002094   0.01733        12       480    0.8253    0.7893    0.8175    0.8162    0.7357   0.06258   0.01507   0.07689
   220/299     2.52G   0.01132  0.003425  0.002024   0.01677        12       480    0.8592    0.8353      0.86      0.86    0.7775    0.0658   0.01422   0.07222
   221/299     2.52G   0.01122  0.003314   0.00171   0.01624        12       480    0.8382    0.7785    0.8317    0.8317     0.745   0.06511   0.01453   0.07049
   222/299     2.52G   0.01112  0.003321  0.001789   0.01623        12       480    0.7527    0.8437      0.82    0.8196    0.7172   0.06409   0.01545    0.0693
   223/299     2.52G   0.01133   0.00336  0.002154   0.01685        12       480    0.7884    0.8237    0.8391    0.8391     0.776   0.06507   0.01515   0.07226
   224/299     2.52G   0.01128  0.003362   0.00234   0.01699        12       480    0.8299    0.8092     0.828     0.828    0.7799   0.06542   0.01423   0.06966
   225/299     2.52G   0.01064  0.003272  0.001831   0.01575        12       480    0.7688    0.7914    0.8162    0.8153     0.738   0.06579   0.01492   0.06982
   226/299     2.52G   0.01119  0.003318  0.002124   0.01663        12       480    0.7755    0.8121    0.8102     0.809    0.6984   0.06541   0.01517   0.06957
   227/299     2.52G   0.01113  0.003292  0.001832   0.01625        12       480    0.7875    0.7584    0.8067    0.8041     0.739   0.06622   0.01482   0.07064
   228/299     2.52G   0.01036  0.003224  0.001821    0.0154        12       480    0.7922    0.7729    0.8271    0.8261    0.7627   0.06526   0.01429   0.07158
   229/299     2.52G   0.01013  0.003163  0.001586   0.01488        12       480    0.7841    0.8011    0.8241    0.8241    0.7524   0.06616   0.01492   0.06814
   230/299     2.52G   0.01056  0.003241  0.001854   0.01565        12       480    0.7983    0.8213    0.8149    0.8149    0.7707   0.06605   0.01506   0.06933
   231/299     2.52G   0.01068  0.003217  0.001979   0.01588        12       480    0.8095    0.7782    0.8388    0.8388    0.7663   0.06558   0.01487   0.07324
   232/299     2.52G   0.01007  0.003144   0.00167   0.01488        12       480    0.8348    0.7951    0.8476    0.8476    0.7757   0.06455   0.01452   0.07143
   233/299     2.52G   0.01051  0.003126  0.001682   0.01532        12       480    0.8321    0.8027    0.8369    0.8369    0.7666   0.06442   0.01488   0.07234
   234/299     2.52G  0.009736  0.003118   0.00172   0.01457        12       480    0.7798     0.873    0.8405    0.8405    0.7699   0.06538   0.01507   0.07054
   235/299     2.52G  0.009844  0.003077  0.001733   0.01465        12       480    0.8197    0.8659    0.8566    0.8566    0.7664   0.06605   0.01509    0.0675
   236/299     2.52G  0.009468  0.003099  0.001901   0.01447        12       480    0.8109    0.8163    0.8353    0.8353    0.7637   0.06404    0.0149   0.06898
   237/299     2.52G  0.009026  0.003056  0.002007   0.01409        12       480    0.8062    0.8049    0.8328    0.8328    0.7632   0.06371   0.01529   0.07319
   238/299     2.52G  0.009633  0.003229  0.002571   0.01543        12       480    0.8231    0.7994    0.8326    0.8326    0.7677   0.06415   0.01511   0.07181
   239/299     2.52G  0.009729  0.003047  0.001764   0.01454        12       480    0.8683    0.7714    0.8327    0.8301    0.7485   0.06232   0.01553   0.07042
   240/299     2.52G    0.0102  0.003119  0.001907   0.01522        12       480     0.799    0.8164    0.8294    0.8294    0.7214   0.06295   0.01512   0.06914
   241/299     2.52G   0.01046  0.003114  0.002652   0.01622        12       480    0.8148    0.7749    0.8317    0.8308    0.7551   0.07219   0.01438   0.06013
   242/299     2.52G  0.009984  0.003119  0.001771   0.01487        12       480    0.8336    0.7772     0.832     0.832    0.7542   0.07481   0.01427   0.06112
   243/299     2.52G  0.009845   0.00311  0.001652   0.01461        12       480    0.8312    0.8214    0.8363    0.8363    0.7525   0.07593   0.01438   0.06336
   244/299     2.52G   0.01013   0.00309  0.001566   0.01479        12       480    0.8483    0.7941    0.8376    0.8376    0.7255   0.07566   0.01445   0.06491
   245/299     2.52G  0.009521   0.00305  0.001914   0.01449        12       480    0.8151    0.7887    0.8309    0.8309    0.7807   0.07555   0.01453   0.06736
   246/299     2.52G  0.008723  0.002919  0.001707   0.01335        12       480    0.8071    0.8082    0.8408    0.8408    0.7718    0.0757   0.01446   0.06789
   247/299     2.52G  0.008708  0.002916  0.001406   0.01303        12       480     0.856    0.8121    0.8373    0.8364    0.7697   0.07594   0.01431   0.06699
   248/299     2.52G  0.008556  0.002948  0.001583   0.01309        12       480    0.8677     0.804    0.8475    0.8475    0.7738   0.07519   0.01433   0.06683
   249/299     2.52G  0.009125  0.002861  0.001507   0.01349        12       480    0.8352    0.8084     0.836     0.836    0.7633   0.07487   0.01469   0.06806
   250/299     2.52G  0.008479  0.002933  0.001657   0.01307        12       480    0.8381    0.8077    0.8284    0.8284    0.7635   0.07478   0.01478    0.0691
   251/299     2.52G  0.008153  0.002818  0.001291   0.01226        12       480    0.8452    0.8105    0.8276    0.8276    0.7719   0.07459   0.01448   0.06925
   252/299     2.52G  0.007969  0.002804  0.001398   0.01217        12       480    0.8631    0.8028    0.8414    0.8414    0.7765   0.07469   0.01454   0.06919
   253/299     2.52G  0.008911  0.002829   0.00245   0.01419        12       480    0.8072    0.8262    0.8413    0.8413    0.7664   0.07456   0.01485   0.07244
   254/299     2.52G   0.00784  0.002847  0.001432   0.01212        12       480    0.8191    0.8198    0.8449    0.8426    0.7665   0.07429   0.01484   0.07322
   255/299     2.52G  0.007804  0.002753  0.001377   0.01193        12       480    0.7974    0.8303    0.8338    0.8338    0.7737   0.07379   0.01496   0.07187
   256/299     2.52G  0.007914  0.002762  0.001393   0.01207        12       480    0.7919    0.8227    0.8285    0.8285     0.771   0.07349    0.0151    0.0705
   257/299     2.52G  0.007685  0.002733  0.001315   0.01173        12       480     0.831    0.8085    0.8367    0.8367    0.7672   0.07348   0.01511   0.06986
   258/299     2.52G  0.007785  0.002727  0.001295   0.01181        12       480    0.8126    0.8057    0.8453     0.842     0.772   0.07357   0.01503   0.07025
   259/299     2.52G   0.00784   0.00272  0.001239    0.0118        12       480    0.8704    0.7917    0.8571    0.8571    0.7776   0.07371   0.01495   0.06967
   260/299     2.52G  0.007779   0.00276  0.001591   0.01213        12       480    0.8452    0.8211    0.8557    0.8524    0.7828   0.07396    0.0148   0.06946
   261/299     2.52G  0.007801   0.00269  0.002189   0.01268        12       480    0.7975    0.8535    0.8532    0.8532    0.7771   0.07357   0.01467   0.06686
   262/299     2.52G  0.007766  0.002751  0.001556   0.01207        12       480    0.8083    0.7963    0.8417    0.8417    0.7625   0.07328   0.01482   0.06592
   263/299     2.52G  0.007739   0.00275  0.001511     0.012        12       480    0.7965    0.8204    0.8386    0.8386    0.7668   0.07383    0.0148   0.06835
   264/299     2.52G  0.007767   0.00276  0.001608   0.01213        12       480    0.8536      0.79    0.8383    0.8383    0.7809   0.07381   0.01486     0.069
   265/299     2.52G  0.007706  0.002701  0.001382   0.01179        11       480    0.8425    0.7963      0.85      0.85     0.784   0.07361   0.01473    0.0693
   266/299     2.52G  0.008586  0.002742  0.001514   0.01284        12       480    0.8285     0.787    0.8392    0.8392    0.7819   0.07358   0.01474   0.06903
   267/299     2.52G  0.007598  0.002742  0.001607   0.01195        12       480    0.8104    0.8179    0.8325    0.8325    0.7721   0.07389   0.01459   0.06832
   268/299     2.52G  0.007582  0.002723  0.001406   0.01171        11       480    0.8044    0.8252    0.8213    0.8213     0.771   0.07387   0.01466   0.06812
   269/299     2.52G  0.007403  0.002641  0.001335   0.01138        12       480    0.8368    0.8167    0.8312    0.8301    0.7835   0.07375   0.01496   0.06898
   270/299     2.52G  0.007951  0.002643  0.002047   0.01264        12       480    0.8471    0.8254     0.842     0.842    0.7906   0.07336   0.01487   0.06859
   271/299     2.52G  0.007379  0.002662  0.001243   0.01128        12       480    0.8381    0.8208    0.8378    0.8378    0.7894   0.07379   0.01474   0.06965
   272/299     2.52G  0.007388  0.002629  0.001243   0.01126        12       480    0.8408    0.8144    0.8384    0.8384    0.7922   0.07446   0.01445   0.07023
   273/299     2.52G  0.007249  0.002579  0.001444   0.01127        12       480    0.8626    0.8149    0.8402    0.8402    0.7836   0.07478   0.01439   0.07027
   274/299     2.52G  0.007302  0.002652   0.00133   0.01128        11       480    0.7987    0.8527    0.8382    0.8382     0.781   0.07448   0.01452   0.07024
   275/299     2.52G  0.007247  0.002624  0.001333    0.0112        12       480    0.7987    0.8553    0.8348    0.8348    0.7776   0.07419   0.01476   0.07026
   276/299     2.52G  0.007096  0.002604  0.001343   0.01104        12       480    0.8209    0.8266    0.8441    0.8431    0.7732   0.07418   0.01491   0.06988
   277/299     2.52G  0.007171  0.002614  0.001509   0.01129        12       480    0.8322    0.8209    0.8454     0.843    0.7722   0.07445   0.01481   0.06965
   278/299     2.52G  0.007103  0.002536  0.001357     0.011        12       480    0.8831    0.8119    0.8516    0.8516    0.7707   0.07471    0.0147   0.06959
   279/299     2.52G  0.007052  0.002546  0.001143   0.01074        12       480    0.8756    0.7962    0.8458    0.8458    0.7924   0.07482   0.01456    0.0697
   280/299     2.52G   0.00798  0.002561  0.001392   0.01193        12       480    0.8395    0.8207    0.8402    0.8402     0.789   0.07463   0.01459   0.06982
   281/299     2.52G  0.007054  0.002556  0.001329   0.01094        12       480    0.8435    0.8189    0.8457    0.8433     0.785   0.07451    0.0147   0.06968
   282/299     2.52G   0.00694  0.002624  0.001276   0.01084        12       480    0.8303    0.8242    0.8357    0.8333    0.7719   0.07458    0.0146   0.06931
   283/299     2.52G  0.007891  0.002575  0.001544   0.01201        12       480     0.843    0.8267    0.8306    0.8306     0.777    0.0746   0.01458   0.06888
   284/299     2.52G  0.006965  0.002576  0.001308   0.01085        12       480    0.8506    0.8069    0.8338    0.8315    0.7799    0.0746   0.01463   0.06874
   285/299     2.52G  0.006956  0.002527  0.001159   0.01064        12       480    0.8407     0.813    0.8336    0.8336    0.7778   0.07448   0.01464   0.06872
   286/299     2.52G  0.007067   0.00255  0.001448   0.01107        12       480    0.8406    0.8246    0.8359    0.8359    0.7794   0.07446   0.01474   0.06904
   287/299     2.52G  0.006844  0.002547  0.001321   0.01071        12       480    0.8415    0.8223    0.8362    0.8362    0.7799   0.07454   0.01467    0.0693
   288/299     2.52G  0.006939   0.00251  0.001423   0.01087        12       480    0.8685    0.8206    0.8434    0.8434    0.7859   0.07447   0.01466   0.06905
   289/299     2.52G   0.00685  0.002595  0.001163   0.01061        12       480    0.8577    0.8234     0.842     0.842    0.7851   0.07433   0.01468    0.0682
   290/299     2.52G  0.006752  0.002531  0.001162   0.01044        12       480    0.8407    0.8269    0.8347    0.8347    0.7787   0.07437   0.01453   0.06774
   291/299     2.52G  0.006843  0.002523  0.001412   0.01078        12       480    0.8334    0.8263    0.8356    0.8356    0.7855   0.07444   0.01456   0.06779
   292/299     2.52G  0.007779  0.002545  0.001265   0.01159        12       480    0.8364    0.8203    0.8313    0.8313    0.7823   0.07434   0.01459   0.06789
   293/299     2.52G    0.0077  0.002527  0.001258   0.01149        12       480    0.8347     0.826    0.8311    0.8311    0.7814   0.07449   0.01455   0.06809
   294/299     2.52G  0.006755  0.002524  0.001001   0.01028        12       480    0.8389    0.8262    0.8323    0.8323    0.7794   0.07465    0.0145   0.06799
   295/299     2.52G  0.006809  0.002504 0.0009974   0.01031        12       480    0.8316    0.8248    0.8327    0.8303    0.7808   0.07435   0.01466   0.06784
   296/299     2.52G  0.006672  0.002548  0.001117   0.01034        12       480    0.8232    0.8248    0.8332    0.8307    0.7847   0.07417   0.01478   0.06777
   297/299     2.52G  0.006716  0.002518  0.001433   0.01067        12       480    0.8365    0.8192    0.8331    0.8306    0.7843   0.07429   0.01473   0.06784
   298/299     2.52G   0.00677  0.002506  0.001171   0.01045        12       480    0.8409    0.8191    0.8323    0.8323    0.7793    0.0744   0.01462   0.06816
   299/299     2.52G  0.006783  0.002517  0.001003    0.0103        12       480     0.834    0.8192    0.8334    0.8334    0.7795   0.07437   0.01454   0.06834
