     0/299     1.86G   0.06782   0.01472    0.0578    0.1403        12       480   0.02362     0.136   0.01554 0.0004841         0   0.08225   0.01512   0.06322
     1/299      1.9G   0.05331   0.01107   0.04395    0.1083        11       480     0.116    0.4796    0.1438   0.08809   0.01264   0.07293   0.01437   0.04937
     2/299      1.9G   0.04595  0.008614    0.0309   0.08547        12       480    0.3809    0.3831    0.2521    0.1753   0.02353   0.06712   0.01415   0.05261
     3/299      1.9G   0.04785  0.007287    0.0273   0.08244        12       480    0.1439    0.5131    0.2487   0.06784  0.003185   0.08048   0.01166    0.0539
     4/299      1.9G   0.04254  0.007269   0.02851   0.07832        12       480    0.1965    0.3951    0.2236   0.09467  0.008367   0.07886   0.01287   0.05291
     5/299      1.9G   0.03408  0.007315   0.02238   0.06377        12       480    0.3843    0.4725     0.301    0.1531  0.009988   0.07676   0.01212   0.04629
     6/299      1.9G   0.02955  0.007199   0.02023   0.05698        12       480    0.4875    0.4512    0.4096    0.2404   0.08118    0.0734   0.01135   0.04364
     7/299      1.9G    0.0282   0.00674    0.0181   0.05304        12       480    0.4499    0.5245    0.3668    0.3386    0.1277   0.07132   0.01104   0.04344
     8/299      1.9G   0.02697  0.006372   0.01644   0.04978        12       480    0.3064    0.6756     0.444    0.3731    0.1666   0.07407    0.0104   0.04146
     9/299      1.9G   0.02502  0.006083   0.01501   0.04611        12       480    0.6226    0.5647    0.5455    0.5293    0.2857   0.06939   0.01054    0.0403
    10/299      1.9G   0.02655   0.00568   0.01418    0.0464        12       480    0.6164    0.5689    0.5797     0.569    0.2478   0.06331   0.01194   0.03893
    11/299      1.9G   0.02449  0.005795   0.01231    0.0426        12       480    0.6387    0.7035    0.6814    0.6805    0.3846   0.06344   0.01088   0.03823
    12/299      1.9G   0.02211  0.005531   0.01092   0.03856        12       480    0.6916    0.6833    0.6997    0.6987    0.3382    0.0616   0.01089   0.03772
    13/299      1.9G    0.0209  0.005376  0.009511   0.03579        12       480    0.6169    0.6688    0.6529    0.6529    0.4305   0.05939   0.01084   0.03928
    14/299      1.9G   0.01929  0.005126  0.008365   0.03278        12       480    0.6429    0.7273    0.7355    0.7344    0.4568   0.05876   0.01021   0.03873
    15/299      1.9G   0.01811   0.00483  0.006817   0.02976        12       480    0.5845     0.811    0.7272    0.7272    0.5995   0.05839   0.01085   0.03745
    16/299      1.9G   0.01931  0.004809  0.007579    0.0317        12       480    0.6205    0.6332    0.6254    0.6237    0.5165   0.05802   0.01152   0.04466
    17/299      1.9G   0.01792  0.004739  0.006055   0.02871        12       480    0.7007    0.7023    0.7537    0.7537    0.5738   0.05761   0.01083   0.03937
    18/299      1.9G   0.01745  0.004653  0.006091   0.02819        12       480    0.6374    0.6558    0.6607    0.6602    0.5603   0.05621   0.01115   0.03793
    19/299      1.9G   0.01683  0.004577  0.005113   0.02652        12       480      0.66    0.6527    0.6626    0.6577    0.5351    0.0593   0.01127    0.0367
    20/299      1.9G   0.01684  0.004501   0.00492   0.02626        12       480    0.8518    0.6538    0.7526    0.7513     0.612   0.05792   0.01102    0.0393
    21/299      1.9G   0.01683   0.00446  0.005102    0.0264        12       480    0.6884    0.7231    0.7252    0.7252    0.6506    0.0599   0.01087   0.04268
    22/299      1.9G   0.01507  0.004256  0.004167   0.02349        12       480    0.7404    0.6297    0.7346    0.7346    0.6579   0.05806   0.01091   0.04905
    23/299      1.9G   0.01462  0.003993     0.004   0.02261        12       480    0.7617    0.7281    0.7663    0.7647    0.6881   0.06143   0.01006   0.04433
    24/299      1.9G   0.01446  0.004021  0.003575   0.02206        12       480     0.749    0.7555    0.8167    0.8163    0.7347   0.06212  0.009784   0.04191
    25/299      1.9G   0.01344  0.003895  0.003628   0.02097        12       480    0.7448    0.7474    0.8034    0.8019    0.7508   0.06034  0.009612   0.04626
    26/299      1.9G   0.01431  0.003888  0.003383   0.02158        12       480       0.7    0.6897    0.7136    0.7092    0.6491   0.05974  0.009877   0.04833
    27/299      1.9G    0.0132  0.003718  0.005661   0.02258        12       480    0.8492    0.6801    0.7852    0.7828    0.7217   0.05923  0.009298   0.04745
    28/299      1.9G   0.01286  0.003615   0.00256   0.01904        12       480    0.7999    0.8287    0.8265     0.825     0.773   0.05905  0.009388    0.0457
    29/299      1.9G   0.01276  0.003509  0.002259   0.01853        12       480    0.7987    0.7581    0.7945    0.7933    0.7685   0.05797   0.01002   0.04623
    30/299      1.9G   0.01262  0.003551   0.00237   0.01855        12       480    0.6975    0.7774    0.7664    0.7648    0.7301   0.06066   0.01011    0.0486
    31/299      1.9G     0.012  0.003561  0.002116   0.01768        12       480    0.7678    0.7733    0.8082    0.8066    0.7292   0.05892  0.009979   0.04852
    32/299      1.9G    0.0122  0.003496  0.002247   0.01795        12       480    0.8314    0.7445    0.7742    0.7742    0.7353     0.057  0.009779   0.04981
    33/299      1.9G    0.0119  0.003422  0.001951   0.01727        12       480    0.8008    0.7445    0.7706    0.7691      0.75   0.05821  0.009861   0.05188
    34/299      1.9G   0.01124  0.003293  0.002023   0.01655        12       480     0.723     0.816     0.782    0.7809    0.7414   0.05677   0.01006   0.04883
    35/299      1.9G   0.01173  0.003325  0.002065   0.01712        12       480    0.7417    0.8047    0.7894     0.788    0.7693   0.05835   0.01003   0.04545
    36/299      1.9G   0.01216   0.00334  0.002042   0.01754        12       480    0.7482    0.7741    0.7801    0.7792    0.7398   0.05712  0.009991   0.04539
    37/299      1.9G   0.01125  0.003316  0.001856   0.01642        12       480    0.7909    0.7538    0.7954    0.7939    0.7677   0.05757  0.009914   0.04938
    38/299      1.9G   0.01177  0.003302  0.001661   0.01674        12       480     0.781     0.817    0.8269    0.8254    0.7811   0.06012  0.009613   0.04754
    39/299      1.9G   0.01145   0.00326  0.001833   0.01654        12       480    0.7676     0.829    0.8449    0.8449    0.8014   0.06243   0.00978   0.04628
    40/299      1.9G   0.01111  0.003302  0.002259   0.01667        12       480    0.7832    0.8013    0.8521    0.8521    0.7667   0.06149  0.009617   0.04941
    41/299      1.9G   0.01131   0.00332  0.001932   0.01656        12       480    0.8151    0.7984    0.8271    0.8271    0.8033    0.0607  0.009252   0.04666
    42/299      1.9G   0.01123    0.0033  0.001907   0.01643        12       480    0.8121    0.7919    0.8162    0.8153    0.7966   0.05984  0.009557   0.04531
    43/299      1.9G   0.01008  0.003264  0.002077   0.01542        12       480    0.7978    0.7867    0.8179    0.8173    0.7983   0.05781  0.009625   0.04398
    44/299      1.9G   0.01076  0.003182  0.001833   0.01578        12       480    0.8306    0.7612     0.829    0.8276    0.8013   0.05734   0.01002    0.0431
    45/299      1.9G    0.0107  0.003194  0.001697   0.01559        12       480    0.8515    0.7682    0.7933    0.7915    0.7717    0.0608   0.01024   0.04248
    46/299      1.9G   0.01068  0.003186  0.001504   0.01537        12       480    0.9109    0.7295    0.7959    0.7959    0.7802   0.05719  0.009802   0.04083
    47/299      1.9G  0.009976   0.00316  0.001645   0.01478        12       480    0.7603    0.8347    0.7755    0.7755    0.7558   0.05557   0.01014   0.03823
    48/299      1.9G   0.01012  0.003094  0.001584    0.0148        12       480    0.7967    0.7409    0.7877    0.7877    0.7825   0.05589   0.01035   0.04106
    49/299      1.9G    0.0096  0.002959  0.001256   0.01381        12       480    0.7754    0.8112    0.8022    0.8008    0.7821   0.05724   0.01056   0.04336
    50/299      1.9G   0.01069  0.003055  0.001353   0.01509        12       480    0.7379    0.8279    0.8027    0.8016     0.777   0.05563   0.01061    0.0436
    51/299      1.9G  0.009933  0.003029  0.001221   0.01418        12       480    0.8646    0.7569    0.7861    0.7841    0.7722   0.05624   0.01049   0.04361
    52/299      1.9G   0.01003   0.00298  0.001094    0.0141        12       480    0.8307    0.7599    0.8027    0.8027     0.788   0.05422   0.01057   0.04273
    53/299      1.9G  0.009599  0.002888  0.001053   0.01354        12       480    0.7156    0.7842    0.7815    0.7815    0.7691   0.05806  0.009136   0.04331
    54/299      1.9G   0.01004  0.002918  0.001099   0.01405        12       480    0.7883    0.7952    0.8037    0.8022    0.7883   0.05823  0.009631   0.04354
    55/299      1.9G  0.009575  0.002925  0.001249   0.01375        12       480    0.8625    0.7268    0.8006    0.8006     0.777   0.05838  0.009646   0.04454
    56/299      1.9G  0.009473  0.002907  0.001071   0.01345        12       480    0.9273     0.741    0.8274    0.8246    0.8066    0.0582  0.009516    0.0428
    57/299      1.9G  0.009947    0.0029 0.0009458   0.01379        12       480    0.8601    0.7838    0.8268    0.8227    0.8049   0.05925   0.01017   0.04238
    58/299      1.9G  0.009596  0.002988  0.001074   0.01366        12       480    0.8522    0.7934    0.8183    0.8179    0.7937    0.0552    0.0108   0.04223
    59/299      1.9G  0.009499  0.002971  0.001021   0.01349        12       480     0.888    0.7574     0.817    0.8154     0.804   0.05519   0.01072   0.04168
    60/299      1.9G  0.009779  0.002974   0.00126   0.01401        12       480    0.7476     0.817    0.8026    0.8026    0.7773   0.05656   0.01044   0.04364
    61/299      1.9G   0.00919   0.00288  0.001044   0.01311        12       480    0.9042    0.7923    0.8048    0.8032    0.7896   0.05371   0.01089    0.0428
    62/299      1.9G  0.009462  0.002878  0.001096   0.01344        12       480    0.8962    0.7436     0.813    0.8115    0.7937   0.05449   0.01119   0.04046
    63/299      1.9G  0.009487  0.002873  0.001194   0.01355        12       480    0.8704    0.7347    0.8343    0.8343    0.7938   0.05461   0.01103   0.04343
    64/299      1.9G  0.009449  0.002869 0.0009121   0.01323        12       480     0.866    0.8084    0.8512    0.8497    0.8094   0.05273   0.01106    0.0426
    65/299      1.9G  0.009045  0.002821  0.001225   0.01309        11       480    0.8632    0.8295    0.8745    0.8745    0.7885   0.05535   0.01102   0.04356
    66/299      1.9G  0.009283  0.002935  0.001333   0.01355        11       480    0.8573    0.8112     0.838    0.8366    0.7975   0.05322   0.01102   0.04254
    67/299      1.9G  0.009158   0.00287  0.001233   0.01326        11       480     0.795    0.7766    0.8015    0.8015    0.7826   0.05868   0.01062   0.04142
    68/299      1.9G  0.008731  0.002855  0.001004   0.01259        12       480     0.768    0.8542    0.8435    0.8435    0.8102   0.05674   0.01065   0.04311
    69/299      1.9G  0.008748  0.002803  0.001035   0.01259        12       480     0.807    0.7955     0.826    0.8244    0.8002   0.05622   0.01083   0.04317
    70/299      1.9G  0.008674  0.002796 0.0008338    0.0123        12       480    0.8186    0.7916    0.8446    0.8387    0.8212   0.05308   0.01102   0.04426
    71/299      1.9G  0.009183  0.002745 0.0008691    0.0128        12       480    0.7489    0.7748    0.8026    0.8011    0.7843   0.05365    0.0109   0.04399
    72/299      1.9G  0.009889  0.002871  0.001442    0.0142        12       480    0.8921    0.7493    0.8263    0.8263    0.8186   0.05671   0.01084   0.06881
    73/299      1.9G  0.009027  0.002816 0.0008322   0.01267        12       480    0.8185    0.7944    0.8207    0.8207    0.8041    0.0591   0.01095    0.0797
    74/299      1.9G  0.009146   0.00283 0.0006571   0.01263        12       480    0.7748    0.7924    0.8075    0.8075    0.7938   0.06416   0.01069   0.08932
    75/299      1.9G  0.008879  0.002725 0.0006831   0.01229        12       480    0.7716    0.7847    0.8114    0.8081    0.7856   0.06702    0.0103   0.09747
    76/299      1.9G   0.00879  0.002722 0.0008059   0.01232        12       480     0.782    0.8233    0.8301    0.8285    0.7868   0.06862    0.0101   0.09942
    77/299      1.9G  0.008898  0.002779 0.0007712   0.01245        12       480     0.761    0.8429    0.8328    0.8312    0.7925   0.06765   0.01056    0.1042
    78/299      1.9G  0.008731  0.002763 0.0006904   0.01218        12       480    0.7652    0.8333    0.8226    0.8183    0.7981   0.06787   0.01038    0.1013
    79/299      1.9G  0.007878  0.002604 0.0006699   0.01115        12       480      0.82    0.8222    0.8386      0.83    0.8105   0.06781   0.01047     0.098
    80/299      1.9G  0.008285  0.002632 0.0007754   0.01169        12       480    0.7859    0.8498    0.8374    0.8374    0.8184   0.06694   0.01057   0.09681
    81/299      1.9G  0.008186  0.002656 0.0009046   0.01175        12       480    0.8995    0.7785     0.833     0.833    0.8139   0.06731   0.01016   0.09748
    82/299      1.9G  0.008568  0.002753  0.001049   0.01237        12       480    0.8389    0.7913    0.8387    0.8373    0.8111   0.06881   0.01028   0.09349
    83/299      1.9G  0.008513  0.002716 0.0008126   0.01204        12       480    0.8225    0.7909    0.8155     0.814    0.7992   0.06912   0.01041   0.09234
    84/299      1.9G  0.008013  0.002646 0.0007777   0.01144        12       480    0.8827     0.818    0.8487    0.8487     0.836   0.06921   0.01032   0.09657
    85/299      1.9G  0.008371  0.002665 0.0006634    0.0117        12       480    0.8085    0.8179    0.8358    0.8358    0.8094   0.06919   0.01062   0.09718
    86/299      1.9G  0.008221  0.002637 0.0009169   0.01178        12       480    0.8844    0.7603    0.8243    0.8243    0.7977   0.06983  0.009973   0.09474
    87/299      1.9G  0.007665   0.00256 0.0006882   0.01091        12       480    0.8394    0.7801    0.8432    0.8299    0.8061   0.06945   0.01017   0.09249
    88/299      1.9G  0.007896  0.002532 0.0005861   0.01101        12       480    0.8105    0.8099    0.8196     0.818    0.7855   0.06862   0.01054   0.09467
    89/299      1.9G  0.008301   0.00257 0.0006798   0.01155        12       480    0.7769    0.8694    0.8402    0.8387    0.7889   0.06672   0.01078   0.09465
    90/299      1.9G   0.00817  0.002635  0.000536   0.01134        12       480    0.8304    0.7643    0.8292     0.821    0.7941   0.06681   0.01065    0.0954
    91/299      1.9G  0.007659   0.00253 0.0005824   0.01077        12       480    0.8026    0.8309    0.8329    0.8187    0.7925   0.06757    0.0104   0.09373
    92/299      1.9G  0.007958  0.002534 0.0005195   0.01101        12       480    0.7891    0.8678    0.8549    0.8398    0.8133   0.06743    0.0105   0.09369
    93/299      1.9G  0.008124  0.002638 0.0005487   0.01131        12       480    0.7763    0.8514    0.8394    0.8379    0.8185   0.06975    0.0104    0.0955
    94/299      1.9G  0.008098  0.002537 0.0005817   0.01122        12       480    0.8287    0.8015    0.8257    0.8241    0.8084   0.06801   0.01065   0.09535
    95/299      1.9G  0.007641  0.002551  0.000617   0.01081        12       480    0.7832    0.9086    0.8581    0.8564    0.8416   0.06753   0.01079   0.09176
    96/299      1.9G  0.008044  0.002496 0.0005672   0.01111        12       480    0.8292    0.8107    0.8478    0.8478    0.8366   0.06813   0.01093   0.08959
    97/299      1.9G   0.00789  0.002561 0.0007818   0.01123        12       480    0.9212    0.7871    0.8536     0.852    0.8213   0.06878   0.01054   0.09177
    98/299      1.9G  0.007849  0.002559 0.0006213   0.01103        12       480    0.9238    0.7926    0.8555     0.854      0.84   0.06821   0.01026    0.0923
    99/299      1.9G  0.007677  0.002544 0.0005961   0.01082        12       480    0.8217     0.872    0.8671    0.8671    0.8338   0.06507   0.01067    0.0971
   100/299      1.9G  0.008138  0.002542 0.0006143   0.01129        12       480    0.8855    0.8184    0.8592    0.8592    0.8203   0.06461   0.01069   0.09426
   101/299      1.9G  0.007628  0.002484 0.0004753   0.01059        12       480    0.9322    0.7811    0.8574    0.8574    0.8141   0.06473   0.01072   0.09407
   102/299      1.9G  0.007515  0.002458 0.0005138   0.01049        12       480    0.7697    0.8708    0.8422    0.8422    0.8087   0.06752   0.01072   0.09218
   103/299      1.9G   0.00753  0.002481 0.0004824   0.01049        12       480    0.7283    0.8728    0.8394    0.8394    0.8102   0.06762   0.01064      0.09
   104/299      1.9G  0.007637  0.002558 0.0006485   0.01084        11       480    0.8197     0.822     0.848     0.848    0.8085   0.06889   0.01018   0.08952
   105/299      1.9G  0.007654  0.002498 0.0004755   0.01063        12       480    0.8045    0.8548     0.842     0.842    0.8058   0.06728   0.01048   0.09203
   106/299      1.9G  0.006902  0.002414 0.0004583  0.009775        12       480    0.7998    0.8138    0.8317    0.8317    0.8136   0.06538   0.01119   0.09349
   107/299      1.9G  0.007446  0.002433 0.0004339   0.01031        12       480    0.8883    0.7847     0.845     0.845     0.799   0.06526   0.01098   0.09581
   108/299      1.9G  0.007542  0.002434 0.0005115   0.01049        12       480    0.7644    0.8445    0.8234    0.8218    0.7868   0.06586   0.01077   0.09766
   109/299      1.9G   0.00781  0.002441 0.0004626   0.01071        12       480     0.834    0.8098     0.826     0.826    0.7826   0.06749   0.01066    0.0951
   110/299      1.9G  0.007761  0.002444 0.0005906    0.0108        12       480    0.8383    0.7702    0.8249    0.8249    0.7955   0.06747   0.01052   0.09187
   111/299      1.9G  0.007168   0.00239 0.0006113   0.01017        12       480     0.835    0.8512    0.8531    0.8516     0.806   0.06533   0.01067   0.09078
   112/299      1.9G  0.007284  0.002403 0.0006079   0.01029        12       480    0.8199    0.8284     0.844    0.8425    0.8098   0.06749   0.01088   0.09074
   113/299      1.9G  0.007296  0.002371 0.0005085   0.01018        12       480    0.8089     0.829    0.8411    0.8396    0.8329   0.06782   0.01088   0.08832
   114/299      1.9G  0.007124  0.002361 0.0005558   0.01004        12       480    0.8439    0.8032     0.831    0.8293    0.8239    0.0684   0.01095   0.09073
   115/299      1.9G   0.00716  0.002384 0.0006819   0.01023        12       480    0.7552      0.76    0.8109    0.8096    0.7926   0.06975   0.01076    0.0907
   116/299      1.9G  0.007147  0.002371 0.0006426   0.01016        12       480    0.7705    0.8035    0.8189    0.8189    0.8096   0.06888   0.01092   0.09189
   117/299      1.9G  0.007187  0.002401 0.0006529   0.01024        12       480    0.8236     0.762    0.8062    0.8062    0.7891   0.06856    0.0106   0.09251
   118/299      1.9G  0.006956  0.002391 0.0005796  0.009926        12       480    0.7393    0.8226    0.8159    0.8144    0.8044   0.06875   0.01054   0.08833
   119/299      1.9G  0.007015  0.002404  0.000565  0.009985        12       480    0.7575     0.862    0.8377    0.8377    0.8099   0.06922    0.0104   0.08914
   120/299      1.9G  0.007176  0.002408 0.0006731   0.01026        12       480    0.7641    0.8351    0.8326    0.8311    0.7923   0.06908   0.01052   0.08806
   121/299      1.9G  0.006867  0.002315 0.0005401  0.009721        12       480    0.7663     0.819    0.8195     0.818    0.7826   0.06878   0.01088   0.08715
   122/299      1.9G  0.007114  0.002377 0.0005898   0.01008        12       480     0.823    0.7782    0.8178    0.8163    0.7896   0.06918   0.01091   0.08629
   123/299      1.9G  0.006852  0.002334 0.0005929  0.009779        12       480    0.7811    0.8382    0.8265     0.825    0.7933   0.06932   0.01085   0.08473
   124/299      1.9G  0.007087  0.002397 0.0005609   0.01005        12       480    0.7685     0.815    0.8278    0.8263    0.7958   0.06846   0.01099    0.0868
   125/299      1.9G  0.007065   0.00241 0.0005645   0.01004        12       480    0.7731    0.8138    0.8304    0.8273    0.7919   0.06705   0.01107   0.08875
   126/299      1.9G  0.007226  0.002513 0.0005954   0.01033        12       480    0.8479    0.7744     0.824     0.824    0.7907   0.06733   0.01071   0.09024
   127/299      1.9G  0.006952  0.002415 0.0006149  0.009982        12       480    0.7501     0.869      0.84    0.8385    0.8144   0.06723    0.0106   0.08487
   128/299      1.9G  0.006968  0.002477 0.0004371  0.009882        12       480    0.7587    0.8308    0.8314    0.8299    0.8019   0.06792   0.01089   0.08515
   129/299      1.9G  0.007033   0.00245 0.0004535  0.009936        12       480    0.7811    0.8072    0.8207    0.8192    0.7877   0.06712   0.01118    0.0855
   130/299      1.9G  0.007752  0.002606 0.0004933   0.01085        12       480    0.8663    0.7554    0.8305     0.829    0.7918   0.06642   0.01113   0.08039
   131/299      1.9G  0.007771  0.002642 0.0004815    0.0109        12       480    0.7622    0.8635     0.854    0.8508    0.7971   0.06797   0.01116   0.08481
   132/299      1.9G  0.007954  0.002649 0.0006302   0.01123        12       480    0.7846    0.8522    0.8254    0.8239    0.7992   0.06764   0.01095   0.08601
   133/299      1.9G  0.007741  0.002746 0.0004955   0.01098        12       480     0.782    0.8557    0.8361    0.8346    0.8103   0.06786   0.01079   0.08665
   134/299      1.9G  0.008466   0.00286 0.0004565   0.01178        12       480    0.8509    0.7959    0.8265    0.8246     0.789   0.06771   0.01084   0.08885
   135/299      1.9G  0.008091   0.00281 0.0004706   0.01137        12       480    0.9271    0.8031    0.8392    0.8376    0.8166   0.06778   0.01039   0.09425
   136/299      1.9G  0.007736   0.00263 0.0004881   0.01085        12       480    0.8291    0.8395    0.8267    0.8252    0.7948   0.06803   0.01042   0.09616
   137/299      1.9G  0.006798  0.002405 0.0005634  0.009766        12       480    0.8578    0.8289    0.8422    0.8406    0.7969   0.06744   0.01037   0.09333
   138/299      1.9G  0.006577   0.00229 0.0004911  0.009358        12       480    0.8834    0.8328    0.8372    0.8372    0.7681   0.06602   0.01085   0.09099
   139/299      1.9G  0.006285  0.002234  0.000432  0.008951        12       480    0.8534    0.8404    0.8523    0.8508    0.7968   0.06578    0.0109   0.09013
   140/299      1.9G  0.006078  0.002224 0.0004745  0.008777        12       480    0.8231    0.8314    0.8367    0.8352    0.8255   0.06621    0.0108   0.09123
   141/299      1.9G  0.006053  0.002184 0.0004568  0.008693        12       480    0.8113    0.8548    0.8493    0.8478    0.8209   0.06695   0.01085    0.0926
   142/299      1.9G  0.006163  0.002203 0.0004201  0.008786        12       480    0.8133    0.8382    0.8485    0.8485    0.7983   0.06651   0.01097   0.09135
   143/299      1.9G  0.005799  0.002187 0.0003831  0.008369        12       480     0.786    0.8398    0.8379    0.8379    0.8016   0.06667   0.01078   0.09199
   144/299      1.9G   0.00611  0.002155 0.0004608  0.008726        12       480    0.7961    0.8268    0.8338    0.8338    0.8131   0.06796   0.01072   0.09162
   145/299      1.9G  0.005945  0.002159 0.0004207  0.008525        11       480    0.8184    0.8274    0.8277    0.8263    0.7969   0.06799   0.01077   0.09057
   146/299      1.9G  0.005897  0.002117 0.0003079  0.008323        12       480    0.7634    0.8606    0.8098    0.8098    0.7882   0.06845   0.01049   0.09089
   147/299      1.9G  0.005832  0.002133 0.0004313  0.008397        12       480    0.8001    0.8565    0.8305     0.829    0.8113   0.06802   0.01072    0.0915
   148/299      1.9G  0.005936  0.002151 0.0003814  0.008468        12       480    0.8285    0.8486    0.8446    0.8432     0.807   0.06838   0.01058   0.09138
   149/299      1.9G  0.005706  0.002062  0.000449  0.008217        12       480    0.8206    0.8272    0.8423    0.8408    0.8196   0.06743   0.01057   0.09071
   150/299      1.9G  0.005693  0.002109 0.0004156  0.008217        12       480    0.7909    0.8302    0.8332    0.8332    0.8182   0.06777   0.01052   0.09172
   151/299      1.9G  0.005606  0.002095 0.0003285   0.00803        12       480    0.8217      0.83     0.848     0.848    0.8166   0.06637    0.0108   0.09181
   152/299      1.9G  0.005585  0.002076  0.000391  0.008051        12       480    0.8096    0.8475    0.8505     0.849    0.8109   0.06629   0.01099   0.08956
   153/299      1.9G  0.005671   0.00208 0.0003413  0.008092        11       480    0.8075    0.8541    0.8489    0.8474    0.8194   0.06612     0.011   0.08785
   154/299      1.9G   0.00584   0.00209 0.0003559  0.008285        12       480    0.7789    0.8578    0.8504    0.8489    0.8203   0.06706   0.01091   0.08898
   155/299      1.9G  0.005678  0.002055 0.0003609  0.008094        12       480    0.8183    0.8267    0.8617    0.8617    0.8263    0.0677   0.01049   0.08959
   156/299      1.9G  0.005733  0.002115 0.0004011  0.008249        12       480    0.7765    0.8638    0.8452    0.8437    0.8315    0.0676   0.01064   0.08825
   157/299      1.9G  0.005601  0.002024 0.0003506  0.007975        12       480    0.7731    0.8194    0.8496    0.8481    0.8376   0.06671   0.01084   0.08619
   158/299      1.9G  0.005618  0.002068 0.0003745  0.008061        12       480    0.7674    0.8853    0.8505     0.849    0.8371   0.06682   0.01069    0.0864
   159/299      1.9G  0.005843   0.00211 0.0003208  0.008274        12       480    0.7985    0.8591    0.8485    0.8485    0.8264   0.06692   0.01061   0.08689
   160/299      1.9G  0.006195  0.002176 0.0003596   0.00873        12       480    0.8082    0.8595    0.8401    0.8386    0.8143   0.06651   0.01053    0.0859
   161/299      1.9G  0.006299  0.002259 0.0003011  0.008859        12       480    0.7795    0.8623     0.836    0.8345    0.8103   0.06638   0.01078    0.0884
   162/299      1.9G  0.007406  0.002594 0.0004072   0.01041        12       480    0.8069    0.8254    0.8429    0.8414    0.8059   0.06792   0.01112    0.0889
   163/299      1.9G  0.006581  0.002353  0.000383  0.009316        11       480    0.8132    0.8438    0.8367    0.8352    0.7905   0.06792   0.01054   0.08976
   164/299      1.9G  0.005835  0.002151 0.0003107  0.008297        12       480     0.831    0.8196    0.8378    0.8363    0.7991   0.06752   0.01051   0.08746
   165/299      1.9G  0.005598   0.00209 0.0003326   0.00802        12       480     0.828    0.8263    0.8446    0.8431    0.7906     0.068   0.01057   0.08715
   166/299      1.9G  0.005414  0.002096 0.0004306  0.007941        12       480    0.8129    0.8253     0.849    0.8475    0.8178   0.06796   0.01064   0.08819
   167/299      1.9G  0.005369  0.001979 0.0003607  0.007709        12       480    0.8094    0.8273     0.832    0.8305    0.8073   0.06771   0.01072   0.08956
   168/299      1.9G  0.005321  0.002041 0.0002879  0.007649        12       480    0.8019    0.8311    0.8366    0.8351    0.8133   0.06786    0.0107   0.09003
   169/299      1.9G  0.005278  0.002037 0.0004137  0.007729        12       480    0.8061    0.8311    0.8356    0.8341    0.8008   0.06673   0.01076   0.08919
   170/299      1.9G  0.005004  0.001942 0.0003235   0.00727        12       480    0.8005    0.8509    0.8318    0.8303    0.7997   0.06605   0.01098   0.08872
   171/299      1.9G  0.005177  0.001944 0.0003461  0.007467        12       480    0.7934    0.8586    0.8297    0.8282    0.7882   0.06625   0.01125   0.08862
   172/299      1.9G  0.005106  0.001977 0.0003328  0.007416        12       480    0.7877    0.8639    0.8344    0.8329    0.8098   0.06603   0.01132    0.0883
   173/299      1.9G  0.004987  0.001919 0.0004037   0.00731        12       480     0.801     0.845    0.8372    0.8358    0.8139   0.06414   0.01157   0.08791
   174/299      1.9G  0.005224  0.002014 0.0003121   0.00755        12       480    0.8046    0.8576     0.833    0.8315    0.8088   0.06479   0.01151   0.08991
   175/299      1.9G  0.005061  0.001944 0.0004366  0.007441        12       480    0.7961    0.8535    0.8287    0.8272     0.807   0.06556   0.01132    0.0879
   176/299      1.9G  0.004969   0.00188 0.0003678  0.007217        12       480    0.8045    0.8317    0.8328    0.8313    0.8073   0.06655    0.0111   0.08603
   177/299      1.9G  0.004937  0.001933 0.0003441  0.007214        12       480    0.8157    0.8277    0.8381    0.8366    0.8028   0.06714   0.01097   0.08743
   178/299      1.9G   0.00507  0.001896 0.0003366  0.007303        12       480    0.8281    0.8363    0.8562    0.8547    0.8185   0.06613   0.01121   0.08664
   179/299      1.9G  0.004929  0.001889 0.0003373  0.007155        12       480     0.826      0.83    0.8446    0.8431    0.8069   0.06625   0.01123   0.08568
   180/299      1.9G  0.005139  0.001927 0.0002964  0.007362        12       480     0.843     0.828    0.8613    0.8598    0.8126   0.06618   0.01116   0.08508
   181/299      1.9G  0.004926  0.001917 0.0003736  0.007216        12       480     0.838    0.8313    0.8611    0.8596    0.8351   0.06625   0.01099   0.08494
   182/299      1.9G  0.004934  0.001861 0.0003102  0.007105        12       480    0.8155    0.8474    0.8513    0.8498    0.8159   0.06651   0.01101   0.08458
   183/299      1.9G  0.004974  0.002014 0.0003142  0.007302        12       480    0.8275    0.8387    0.8549    0.8535    0.8169   0.06569   0.01121   0.08584
   184/299      1.9G  0.004849  0.001878 0.0003522  0.007079        12       480    0.8526    0.8387    0.8658    0.8643    0.8174   0.06462    0.0116   0.08622
   185/299      1.9G  0.004832  0.001879 0.0002989  0.007009        12       480    0.8542    0.8412    0.8618    0.8603     0.804   0.06478   0.01167   0.08722
   186/299      1.9G  0.004976  0.001943 0.0003775  0.007296        12       480    0.8009    0.8868    0.8691    0.8676    0.8163   0.06443   0.01171   0.08693
   187/299      1.9G  0.005004  0.001916 0.0002539  0.007174        12       480    0.8544    0.8162    0.8634    0.8619    0.8061   0.06529   0.01155   0.08799
   188/299      1.9G  0.004876  0.001825 0.0003407  0.007042        12       480    0.8455    0.8177    0.8606     0.859    0.8082   0.06592   0.01136   0.08771
   189/299      1.9G  0.004927  0.001928 0.0003145  0.007169        12       480    0.8087     0.889    0.8639    0.8624    0.8115   0.06559   0.01125   0.08847
   190/299      1.9G   0.00483  0.001905  0.000394   0.00713        12       480    0.8065    0.8536     0.849    0.8475     0.813   0.06536    0.0115   0.08892
   191/299      1.9G  0.004784  0.001866 0.0003365  0.006987        12       480    0.7963    0.8533    0.8406    0.8392    0.8038   0.06571   0.01143   0.08651
   192/299      1.9G   0.00492  0.001922 0.0003455  0.007187        12       480    0.8122    0.8476    0.8528    0.8513    0.8105   0.06552   0.01152   0.08712
   193/299      1.9G  0.004634  0.001775 0.0002713   0.00668        12       480    0.8081    0.8547    0.8461    0.8446    0.8229   0.06452   0.01171   0.08711
   194/299      1.9G  0.004759  0.001834 0.0002464   0.00684        12       480     0.804    0.8565    0.8555     0.854    0.8166   0.06508    0.0115   0.08576
   195/299      1.9G  0.004635  0.001787 0.0003672   0.00679        12       480     0.804    0.8478    0.8379    0.8365    0.7964    0.0654   0.01141   0.08653
   196/299      1.9G  0.004696  0.001845 0.0002505  0.006791        12       480    0.7931    0.8447    0.8317    0.8303    0.7951   0.06418   0.01179   0.08667
   197/299      1.9G  0.004554  0.001782 0.0003191  0.006655        12       480    0.8038    0.8453    0.8449    0.8423    0.8118    0.0643   0.01148   0.08658
   198/299      1.9G  0.004651  0.001812 0.0003498  0.006813        12       480    0.8387    0.8442    0.8564    0.8543    0.8288    0.0658   0.01119   0.08628
   199/299      1.9G  0.004582  0.001768 0.0003383  0.006688        12       480    0.8043    0.8391    0.8522    0.8508    0.8292   0.06544   0.01161   0.08416
   200/299      1.9G  0.004645  0.001826   0.00036  0.006831        12       480    0.7575    0.9069    0.8533    0.8518    0.8213   0.06589   0.01158   0.08379
   201/299      1.9G   0.00463  0.001811 0.0003141  0.006755        12       480     0.862    0.8314     0.877    0.8755    0.8197   0.06581   0.01147   0.08415
   202/299      1.9G  0.004498  0.001793 0.0002323  0.006523        12       480    0.8491    0.8339    0.8761    0.8746    0.8154   0.06536   0.01162   0.08454
   203/299      1.9G   0.00447   0.00175 0.0003621  0.006582        12       480     0.826    0.8735     0.878    0.8765    0.8166   0.06572   0.01176   0.08444
   204/299      1.9G   0.00444  0.001758 0.0003167  0.006514        12       480    0.8193    0.8525    0.8608    0.8593    0.8045   0.06505   0.01188    0.0833
   205/299      1.9G  0.004452  0.001765  0.000304  0.006521        12       480    0.8369    0.8489    0.8714    0.8698     0.812   0.06522   0.01183   0.08335
   206/299      1.9G  0.004435  0.001737   0.00028  0.006452        11       480    0.8562    0.8355    0.8624    0.8609    0.8049   0.06541    0.0119     0.083
   207/299      1.9G  0.004334  0.001798 0.0003566  0.006488        12       480     0.857    0.8368    0.8702    0.8687    0.8141   0.06592   0.01183   0.08323
   208/299      1.9G  0.004396   0.00177 0.0003037  0.006469        12       480    0.8481    0.8417    0.8674    0.8659    0.8128   0.06566   0.01186   0.08376
   209/299      1.9G  0.004464  0.001674 0.0003438  0.006482        12       480     0.838    0.8501    0.8674    0.8659    0.8154   0.06547   0.01193   0.08398
   210/299      1.9G  0.004367  0.001729  0.000296  0.006392        12       480    0.8538    0.8317    0.8707    0.8692    0.8152   0.06607   0.01156   0.08339
   211/299      1.9G   0.00438  0.001712 0.0003203  0.006412        12       480    0.8546    0.8296    0.8743    0.8729     0.823   0.06546   0.01167   0.08316
   212/299      1.9G  0.004392  0.001748   0.00024   0.00638        12       480    0.8494    0.8399     0.875    0.8735    0.8268   0.06487   0.01186   0.08405
   213/299      1.9G  0.004284  0.001667 0.0003396  0.006291        12       480    0.8194    0.8855    0.8828    0.8813     0.846   0.06531    0.0117   0.08535
   214/299      1.9G  0.004385  0.001668 0.0002902  0.006344        12       480    0.8705    0.8413    0.8859    0.8844    0.8266   0.06582   0.01155    0.0855
   215/299      1.9G  0.004286  0.001712 0.0003404  0.006339        12       480    0.8475    0.8446    0.8748    0.8733    0.8231    0.0657   0.01167   0.08521
   216/299      1.9G  0.004279  0.001745 0.0002853   0.00631        12       480    0.8494    0.8357    0.8736     0.872    0.8175   0.06569   0.01166   0.08419
   217/299      1.9G  0.004256  0.001709 0.0003073  0.006272        12       480    0.8549    0.8296    0.8713    0.8698    0.8161   0.06555   0.01173   0.08403
   218/299      1.9G  0.004178  0.001693 0.0002705  0.006142        12       480    0.8791    0.8297    0.8715      0.87    0.8097   0.06572   0.01168   0.08459
   219/299      1.9G  0.004204  0.001694 0.0003711  0.006269        12       480    0.8789    0.8236    0.8704    0.8689    0.8111   0.06599   0.01175   0.08453
   220/299      1.9G  0.004203  0.001724 0.0003309  0.006258        12       480    0.8547    0.8148      0.87    0.8685    0.8139   0.06653   0.01166   0.08451
   221/299      1.9G  0.004184  0.001656 0.0003103  0.006151        12       480    0.8372    0.8261    0.8618    0.8603    0.8208   0.06632   0.01166   0.08446
   222/299      1.9G  0.004106  0.001602 0.0003021   0.00601        12       480    0.8535    0.8237    0.8641    0.8626    0.8193   0.06556   0.01192   0.08466
   223/299      1.9G   0.00412  0.001666 0.0003022  0.006088        12       480    0.8264    0.8247    0.8585     0.857    0.8115   0.06617   0.01188   0.08473
   224/299      1.9G  0.004207  0.001658 0.0002848  0.006149        12       480    0.8251    0.8268    0.8539    0.8524    0.8097   0.06605   0.01197   0.08423
   225/299      1.9G  0.004072  0.001658 0.0003151  0.006045        12       480    0.8128    0.8374    0.8531    0.8517    0.8091   0.06637   0.01188   0.08388
   226/299      1.9G  0.004249  0.001715 0.0002111  0.006175        12       480    0.8412    0.8128    0.8578    0.8563    0.8087   0.06628   0.01175   0.08445
   227/299      1.9G  0.004116  0.001689 0.0003064  0.006112        12       480    0.8415    0.8179    0.8593    0.8578    0.8117    0.0663   0.01173   0.08468
   228/299      1.9G  0.004089  0.001669  0.000265  0.006023        12       480    0.8401    0.8295    0.8601    0.8586    0.8135   0.06626   0.01168   0.08449
   229/299      1.9G  0.004065  0.001633 0.0002955  0.005993        12       480    0.8362     0.832    0.8579    0.8564     0.812   0.06611   0.01172   0.08459
   230/299      1.9G   0.00407  0.001641 0.0003674  0.006078        12       480    0.8371    0.8319    0.8571    0.8556    0.8125   0.06591   0.01183   0.08479
   231/299      1.9G  0.004061  0.001715 0.0002906  0.006067        12       480    0.8303    0.8362    0.8577    0.8563    0.8128   0.06598   0.01192   0.08491
   232/299      1.9G  0.004126  0.001724 0.0004155  0.006266        12       480    0.8348    0.8275    0.8604    0.8589    0.8157   0.06692    0.0118   0.08449
   233/299      1.9G  0.004062  0.001638 0.0003398  0.006039        12       480    0.8247    0.8271    0.8587    0.8573    0.8103    0.0671   0.01182   0.08461
   234/299      1.9G  0.004069  0.001657 0.0002547  0.005981        12       480    0.8257    0.8294    0.8551    0.8537    0.8093   0.06702   0.01192   0.08454
   235/299      1.9G  0.004149  0.001695 0.0002157   0.00606        12       480    0.8277    0.8317    0.8555    0.8541    0.8161   0.06666   0.01197   0.08491
   236/299      1.9G  0.004034  0.001618 0.0002988  0.005951        12       480    0.8393    0.8286    0.8636    0.8621    0.8149   0.06671   0.01188   0.08527
   237/299      1.9G  0.003979  0.001676 0.0003422  0.005997        12       480    0.8413     0.827    0.8622    0.8608    0.8117   0.06674   0.01191   0.08591
   238/299      1.9G   0.00404  0.001686 0.0003353  0.006061        12       480    0.8378     0.822    0.8553    0.8539    0.8121   0.06691    0.0119   0.08617
   239/299      1.9G  0.004012   0.00162  0.000293  0.005924        12       480    0.8064    0.8501    0.8555     0.854    0.8137   0.06704   0.01196   0.08597
   240/299      1.9G  0.004001  0.001606 0.0002461  0.005853        12       480    0.8415    0.8155    0.8537    0.8523    0.8098   0.06672   0.01195   0.08576
   241/299      1.9G  0.003965  0.001598 0.0003316  0.005895        12       480    0.8573    0.8137    0.8654     0.864    0.8169   0.06635   0.01203   0.08589
   242/299      1.9G  0.003961   0.00167 0.0003034  0.005935        12       480    0.8571    0.8178    0.8674    0.8659    0.8191    0.0664   0.01206   0.08601
   243/299      1.9G  0.003868  0.001561 0.0002141  0.005643        12       480    0.8576    0.8224    0.8671    0.8657    0.8242   0.06646   0.01195   0.08607
   244/299      1.9G  0.004336  0.001552 0.0003059  0.006194        12       480    0.8036    0.8862    0.8642    0.8628    0.8191   0.06634   0.01198     0.086
   245/299      1.9G  0.003946  0.001633 0.0002482  0.005827        12       480    0.8002    0.8887    0.8705     0.869    0.8199   0.06649   0.01197   0.08647
   246/299      1.9G  0.003936   0.00162 0.0002432  0.005799        12       480    0.7812    0.8964     0.862    0.8606    0.8196   0.06669     0.012   0.08654
   247/299      1.9G  0.003876  0.001673 0.0002188  0.005767        12       480    0.7911    0.8879    0.8604    0.8589    0.8164   0.06682   0.01204   0.08616
   248/299      1.9G  0.003861  0.001656 0.0003535   0.00587        12       480    0.8415    0.8268    0.8631    0.8616    0.8195   0.06663   0.01208   0.08582
   249/299      1.9G  0.003859  0.001646 0.0003036  0.005809        12       480    0.7973    0.8938    0.8644    0.8629    0.8184   0.06642   0.01212   0.08566
   250/299      1.9G  0.003905  0.001616 0.0003419  0.005863        12       480     0.804    0.8839    0.8693    0.8679     0.819   0.06626   0.01208   0.08585
   251/299      1.9G  0.003882  0.001593 0.0002861  0.005761        12       480    0.8804    0.8281    0.8751    0.8737    0.8129    0.0663   0.01208   0.08573
   252/299      1.9G  0.003887  0.001599 0.0002141  0.005699        12       480    0.8402    0.8273    0.8654    0.8639    0.8118   0.06618   0.01206   0.08571
   253/299      1.9G  0.003898  0.001619 0.0002662  0.005783        12       480    0.8374    0.8279    0.8647    0.8633    0.8092   0.06622   0.01203    0.0858
   254/299      1.9G  0.003935  0.001657 0.0003411  0.005932        12       480    0.8554    0.8189    0.8675     0.866    0.8163   0.06629   0.01201   0.08585
   255/299      1.9G  0.003899  0.001588 0.0003362  0.005823        12       480    0.8789    0.8172    0.8733    0.8718     0.822   0.06608   0.01197   0.08621
   256/299      1.9G  0.003902  0.001605 0.0003158  0.005823        12       480    0.8768    0.8187    0.8739    0.8724    0.8226   0.06613   0.01195   0.08649
   257/299      1.9G  0.003846  0.001624 0.0002631  0.005733        12       480    0.8573    0.8217    0.8676    0.8662    0.8199   0.06627   0.01187   0.08649
   258/299      1.9G  0.003904  0.001625 0.0002516  0.005781        12       480    0.8382    0.8268    0.8649    0.8635    0.8195   0.06634   0.01192   0.08656
   259/299      1.9G  0.003895  0.001564 0.0002807   0.00574        12       480    0.8784    0.8183     0.873    0.8715    0.8195   0.06619   0.01202   0.08675
   260/299      1.9G  0.003908  0.001627 0.0002768  0.005812        12       480    0.8796    0.8205    0.8719    0.8704    0.8185   0.06591   0.01209   0.08647
   261/299      1.9G  0.003788  0.001555 0.0003461  0.005689        12       480    0.8573    0.8164    0.8677    0.8662    0.8196   0.06602   0.01204   0.08647
   262/299      1.9G  0.003879  0.001617 0.0003169  0.005813        12       480    0.8345    0.8256    0.8608    0.8593    0.8104   0.06603   0.01205    0.0863
   263/299      1.9G  0.003896  0.001605 0.0003132  0.005814        12       480    0.8397    0.8216    0.8612    0.8597    0.8162   0.06603   0.01203   0.08648
   264/299      1.9G   0.00416  0.001573 0.0002686  0.006001        12       480    0.8556    0.8165    0.8642    0.8628     0.815   0.06587   0.01209   0.08649
   265/299      1.9G  0.003846   0.00164 0.0002923  0.005778        11       480    0.8554    0.8169    0.8638    0.8624    0.8148   0.06578    0.0121   0.08643
   266/299      1.9G  0.003839   0.00162 0.0002883  0.005748        12       480    0.8544    0.8167     0.867    0.8656     0.814   0.06574   0.01213   0.08651
   267/299      1.9G  0.003803  0.001616 0.0003727  0.005792        12       480    0.8377    0.8231      0.86    0.8586    0.8149   0.06576   0.01214   0.08644
   268/299      1.9G  0.003871  0.001627 0.0002052  0.005703        11       480    0.8561    0.8159    0.8679    0.8664    0.8147    0.0658   0.01211    0.0865
   269/299      1.9G  0.003789  0.001544 0.0002594  0.005593        12       480    0.8577    0.8154    0.8683    0.8669    0.8151   0.06581   0.01207   0.08662
   270/299      1.9G  0.003809  0.001615 0.0002673  0.005691        12       480    0.8557    0.8156    0.8684     0.867    0.8152   0.06585   0.01208   0.08665
   271/299      1.9G  0.003727  0.001549 0.0002739   0.00555        12       480    0.8478    0.8249    0.8684    0.8669    0.8153   0.06585   0.01208   0.08653
   272/299      1.9G   0.00375  0.001506 0.0003496  0.005606        12       480      0.88    0.8205    0.8753    0.8738    0.8158   0.06569   0.01209   0.08639
   273/299      1.9G  0.004065  0.001548 0.0001843  0.005797        12       480    0.8796     0.821    0.8762    0.8747    0.8166   0.06477   0.01217   0.08666
   274/299      1.9G  0.003711  0.001527 0.0003766  0.005615        11       480    0.8799    0.8232    0.8751    0.8736    0.8208   0.06365   0.01224   0.08666
   275/299      1.9G  0.003739  0.001536 0.0003067  0.005582        12       480     0.877    0.8254    0.8766    0.8751    0.8219   0.06303    0.0123   0.08684
   276/299      1.9G  0.003692  0.001524 0.0003376  0.005553        12       480    0.8781    0.8255    0.8764     0.875    0.8218   0.06266   0.01234   0.08664
   277/299      1.9G  0.003751  0.001541 0.0003483   0.00564        12       480    0.8796    0.8232    0.8764    0.8749    0.8217   0.06257   0.01235   0.08663
   278/299      1.9G  0.003692  0.001559 0.0003552  0.005606        12       480    0.8791    0.8261    0.8737    0.8722      0.82   0.06251   0.01236   0.08653
   279/299      1.9G  0.003707  0.001565 0.0003495  0.005622        12       480      0.88    0.8255     0.874    0.8725    0.8203   0.06248   0.01237   0.08663
   280/299      1.9G  0.003675  0.001514 0.0003383  0.005527        12       480    0.8799    0.8234    0.8739    0.8725    0.8202   0.06242   0.01237   0.08675
   281/299      1.9G  0.003727  0.001618 0.0003568  0.005702        12       480    0.8802    0.8233     0.873    0.8715    0.8195   0.06244   0.01237   0.08687
   282/299      1.9G  0.003674  0.001585 0.0002413    0.0055        12       480    0.8579    0.8244    0.8671    0.8656    0.8193   0.06259   0.01239   0.08699
   283/299      1.9G  0.003699  0.001503 0.0003332  0.005535        12       480    0.8577    0.8261    0.8672    0.8657    0.8195   0.06262   0.01239   0.08701
   284/299      1.9G  0.003707   0.00158 0.0002462  0.005533        12       480    0.8569    0.8244    0.8675    0.8661    0.8197   0.06259    0.0124   0.08696
   285/299      1.9G  0.003711  0.001578 0.0002709   0.00556        12       480    0.8567    0.8244    0.8681    0.8666    0.8207   0.06252    0.0124   0.08697
   286/299      1.9G  0.003749  0.001523  0.000262  0.005534        12       480    0.8575    0.8233    0.8688    0.8673    0.8213   0.06243   0.01242   0.08701
   287/299      1.9G  0.003665  0.001589 0.0003819  0.005636        12       480    0.8408    0.8259    0.8662    0.8647    0.8205   0.06248   0.01243   0.08706
   288/299      1.9G  0.003691  0.001551 0.0004097  0.005652        12       480    0.8407    0.8251    0.8661    0.8647    0.8206   0.06239   0.01243   0.08695
   289/299      1.9G  0.003659  0.001615 0.0003871  0.005661        12       480    0.8406    0.8245    0.8653    0.8638    0.8198   0.06235   0.01242   0.08695
   290/299      1.9G  0.003683  0.001578  0.000258  0.005519        12       480     0.842    0.8257    0.8655     0.864    0.8201   0.06239   0.01242   0.08692
   291/299      1.9G  0.003701  0.001535 0.0002316  0.005468        12       480    0.8419     0.826    0.8654    0.8639      0.82    0.0624   0.01241   0.08695
   292/299      1.9G  0.003691  0.001589 0.0002673  0.005547        12       480    0.8417    0.8265     0.865    0.8636    0.8197   0.06231   0.01244   0.08686
   293/299      1.9G  0.003759  0.001592 0.0002186   0.00557        12       480    0.8412    0.8276    0.8651    0.8637    0.8197   0.06225   0.01245   0.08687
   294/299      1.9G  0.003658  0.001567 0.0003137  0.005539        12       480    0.8407    0.8274    0.8654    0.8639    0.8198   0.06228   0.01245   0.08695
   295/299      1.9G  0.003674  0.001534 0.0003662  0.005574        12       480    0.8416    0.8269    0.8599    0.8585    0.8199   0.06228   0.01246   0.08689
   296/299      1.9G  0.003655  0.001611 0.0003442   0.00561        12       480    0.8416    0.8261    0.8656    0.8642    0.8202    0.0622   0.01248   0.08679
   297/299      1.9G  0.003634  0.001604 0.0002004  0.005438        12       480    0.8415    0.8264    0.8603    0.8588    0.8203   0.06225   0.01248   0.08685
   298/299      1.9G  0.003631  0.001499 0.0002998   0.00543        12       480    0.8416    0.8265    0.8654    0.8639      0.82   0.06217   0.01248   0.08677
   299/299      1.9G  0.003637  0.001541 0.0002442  0.005423        12       480    0.8417    0.8259    0.8653    0.8638    0.8199   0.06221   0.01248    0.0868
